Complexity metrics,Sex, 27 out 2017 11:21:48 BRST
Method,ev(G),iv(G),v(G)
"com.google.common.base.Absent.asSet()",1,1,1
"com.google.common.base.Absent.equals(Object)",1,1,1
"com.google.common.base.Absent.get()",1,1,1
"com.google.common.base.Absent.hashCode()",1,1,1
"com.google.common.base.Absent.isPresent()",1,1,1
"com.google.common.base.Absent.or(Object)",1,1,1
"com.google.common.base.Absent.or(Optional<?>)",1,1,1
"com.google.common.base.Absent.or(Supplier<?>)",1,1,1
"com.google.common.base.Absent.orNull()",1,1,1
"com.google.common.base.Absent.readResolve()",1,1,1
"com.google.common.base.Absent.toString()",1,1,1
"com.google.common.base.Absent.transform(Function<Object, V>)",1,1,1
"com.google.common.base.Absent_CustomFieldSerializer.deserialize(SerializationStreamReader,Absent)",1,1,1
"com.google.common.base.Absent_CustomFieldSerializer.instantiate(SerializationStreamReader)",1,1,1
"com.google.common.base.Absent_CustomFieldSerializer.serialize(SerializationStreamWriter,Absent)",1,1,1
"com.google.common.base.AbstractIterator.AbstractIterator()",1,1,1
"com.google.common.base.AbstractIterator.endOfData()",1,1,1
"com.google.common.base.AbstractIterator.hasNext()",4,2,4
"com.google.common.base.AbstractIterator.next()",2,1,2
"com.google.common.base.AbstractIterator.remove()",1,1,1
"com.google.common.base.AbstractIterator.tryToComputeNext()",2,1,2
"com.google.common.base.Ascii.Ascii()",1,1,1
"com.google.common.base.Ascii.isLowerCase(char)",1,1,2
"com.google.common.base.Ascii.isUpperCase(char)",1,1,2
"com.google.common.base.Ascii.toLowerCase(String)",1,2,2
"com.google.common.base.Ascii.toLowerCase(char)",1,1,2
"com.google.common.base.Ascii.toUpperCase(String)",1,2,2
"com.google.common.base.Ascii.toUpperCase(char)",1,1,2
"com.google.common.base.CaseFormat.CaseFormat(CharMatcher,String)",1,1,1
"com.google.common.base.CaseFormat.firstCharOnlyToUpper(String)",2,1,2
"com.google.common.base.CaseFormat.normalizeFirstWord(String)",3,3,3
"com.google.common.base.CaseFormat.normalizeWord(String)",6,6,6
"com.google.common.base.CaseFormat.to(CaseFormat,String)",12,11,16
"com.google.common.base.CharMatcher.And.And(CharMatcher,CharMatcher)",1,1,1
"com.google.common.base.CharMatcher.And.And(CharMatcher,CharMatcher,String)",1,1,1
"com.google.common.base.CharMatcher.And.matches(char)",1,2,2
"com.google.common.base.CharMatcher.And.setBits(BitSet)",1,1,1
"com.google.common.base.CharMatcher.And.withToString(String)",1,1,1
"com.google.common.base.CharMatcher.BitSetMatcher.BitSetMatcher(BitSet,String)",1,1,1
"com.google.common.base.CharMatcher.BitSetMatcher.matches(char)",1,1,1
"com.google.common.base.CharMatcher.BitSetMatcher.setBits(BitSet)",1,1,1
"com.google.common.base.CharMatcher.CharMatcher()",1,1,1
"com.google.common.base.CharMatcher.CharMatcher(String)",1,1,1
"com.google.common.base.CharMatcher.FastMatcher.FastMatcher()",1,1,1
"com.google.common.base.CharMatcher.FastMatcher.FastMatcher(String)",1,1,1
"com.google.common.base.CharMatcher.FastMatcher.negate()",1,1,1
"com.google.common.base.CharMatcher.FastMatcher.precomputed()",1,1,1
"com.google.common.base.CharMatcher.NegatedFastMatcher.NegatedFastMatcher(CharMatcher)",1,1,1
"com.google.common.base.CharMatcher.NegatedFastMatcher.NegatedFastMatcher(String,CharMatcher)",1,1,1
"com.google.common.base.CharMatcher.NegatedFastMatcher.precomputed()",1,1,1
"com.google.common.base.CharMatcher.NegatedFastMatcher.withToString(String)",1,1,1
"com.google.common.base.CharMatcher.NegatedMatcher.NegatedMatcher(CharMatcher)",1,1,1
"com.google.common.base.CharMatcher.NegatedMatcher.NegatedMatcher(String,CharMatcher)",1,1,1
"com.google.common.base.CharMatcher.NegatedMatcher.countIn(CharSequence)",1,1,1
"com.google.common.base.CharMatcher.NegatedMatcher.matches(char)",1,1,1
"com.google.common.base.CharMatcher.NegatedMatcher.matchesAllOf(CharSequence)",1,1,1
"com.google.common.base.CharMatcher.NegatedMatcher.matchesNoneOf(CharSequence)",1,1,1
"com.google.common.base.CharMatcher.NegatedMatcher.negate()",1,1,1
"com.google.common.base.CharMatcher.NegatedMatcher.setBits(BitSet)",1,1,1
"com.google.common.base.CharMatcher.NegatedMatcher.withToString(String)",1,1,1
"com.google.common.base.CharMatcher.Or.Or(CharMatcher,CharMatcher)",1,1,1
"com.google.common.base.CharMatcher.Or.Or(CharMatcher,CharMatcher,String)",1,1,1
"com.google.common.base.CharMatcher.Or.matches(char)",1,2,2
"com.google.common.base.CharMatcher.Or.setBits(BitSet)",1,1,1
"com.google.common.base.CharMatcher.Or.withToString(String)",1,1,1
"com.google.common.base.CharMatcher.and(CharMatcher)",1,1,1
"com.google.common.base.CharMatcher.anyOf(CharSequence)",4,3,4
"com.google.common.base.CharMatcher.apply(Character)",1,1,1
"com.google.common.base.CharMatcher.collapseFrom(CharSequence,char)",2,5,5
"com.google.common.base.CharMatcher.countIn(CharSequence)",1,2,3
"com.google.common.base.CharMatcher.forPredicate(Predicate<? super Character>)",2,1,2
"com.google.common.base.CharMatcher.inRange(char,char)",1,1,1
"com.google.common.base.CharMatcher.inRange(char,char,String)",1,1,2
"com.google.common.base.CharMatcher.indexIn(CharSequence)",3,2,3
"com.google.common.base.CharMatcher.indexIn(CharSequence,int)",3,2,3
"com.google.common.base.CharMatcher.is(char)",1,2,3
"com.google.common.base.CharMatcher.isEither(char,char)",1,1,2
"com.google.common.base.CharMatcher.isNot(char)",1,2,3
"com.google.common.base.CharMatcher.lastIndexIn(CharSequence)",3,2,3
"com.google.common.base.CharMatcher.matchesAllOf(CharSequence)",3,2,3
"com.google.common.base.CharMatcher.matchesAnyOf(CharSequence)",1,1,1
"com.google.common.base.CharMatcher.matchesNoneOf(CharSequence)",1,1,1
"com.google.common.base.CharMatcher.negate()",1,1,1
"com.google.common.base.CharMatcher.noneOf(CharSequence)",1,1,1
"com.google.common.base.CharMatcher.or(CharMatcher)",1,1,1
"com.google.common.base.CharMatcher.precomputed()",1,1,1
"com.google.common.base.CharMatcher.precomputedInternal()",2,2,2
"com.google.common.base.CharMatcher.precomputedPositive(int,BitSet,String)",6,6,7
"com.google.common.base.CharMatcher.removeFrom(CharSequence)",6,3,6
"com.google.common.base.CharMatcher.replaceFrom(CharSequence,CharSequence)",4,4,5
"com.google.common.base.CharMatcher.replaceFrom(CharSequence,char)",2,2,4
"com.google.common.base.CharMatcher.retainFrom(CharSequence)",1,1,1
"com.google.common.base.CharMatcher.setBits(BitSet)",1,3,3
"com.google.common.base.CharMatcher.toString()",1,1,1
"com.google.common.base.CharMatcher.trimAndCollapseFrom(CharSequence,char)",2,4,5
"com.google.common.base.CharMatcher.trimFrom(CharSequence)",5,3,5
"com.google.common.base.CharMatcher.trimLeadingFrom(CharSequence)",3,2,3
"com.google.common.base.CharMatcher.trimTrailingFrom(CharSequence)",3,2,3
"com.google.common.base.CharMatcher.withToString(String)",1,1,1
"com.google.common.base.Charsets.Charsets()",1,1,1
"com.google.common.base.Defaults.Defaults()",1,1,1
"com.google.common.base.Defaults.defaultValue(Class<T>)",1,1,1
"com.google.common.base.Defaults.put(Map<Class<?>, Object>,Class<T>,T)",1,1,1
"com.google.common.base.Enums.Enums()",1,1,1
"com.google.common.base.Enums.ValueOfFunction.ValueOfFunction(Class<T>)",1,1,1
"com.google.common.base.Enums.ValueOfFunction.apply(String)",1,1,2
"com.google.common.base.Enums.ValueOfFunction.equals(Object)",1,2,2
"com.google.common.base.Enums.ValueOfFunction.hashCode()",1,1,1
"com.google.common.base.Enums.ValueOfFunction.toString()",1,1,1
"com.google.common.base.Enums.getField(Enum<?>)",1,1,2
"com.google.common.base.Enums.getIfPresent(Class<T>,String)",1,2,2
"com.google.common.base.Enums.valueOfFunction(Class<T>)",1,1,1
"com.google.common.base.Equivalence.Equals.doEquivalent(Object,Object)",1,1,1
"com.google.common.base.Equivalence.Equals.doHash(Object)",1,1,1
"com.google.common.base.Equivalence.Equals.readResolve()",1,1,1
"com.google.common.base.Equivalence.Equivalence()",1,1,1
"com.google.common.base.Equivalence.EquivalentToPredicate.EquivalentToPredicate(Equivalence<T>,T)",1,1,1
"com.google.common.base.Equivalence.EquivalentToPredicate.apply(T)",1,1,1
"com.google.common.base.Equivalence.EquivalentToPredicate.equals(Object)",3,3,4
"com.google.common.base.Equivalence.EquivalentToPredicate.hashCode()",1,1,1
"com.google.common.base.Equivalence.EquivalentToPredicate.toString()",1,1,1
"com.google.common.base.Equivalence.Identity.doEquivalent(Object,Object)",1,1,1
"com.google.common.base.Equivalence.Identity.doHash(Object)",1,1,1
"com.google.common.base.Equivalence.Identity.readResolve()",1,1,1
"com.google.common.base.Equivalence.Wrapper.Wrapper(Equivalence<? super T>,T)",1,1,1
"com.google.common.base.Equivalence.Wrapper.equals(Object)",3,4,4
"com.google.common.base.Equivalence.Wrapper.get()",1,1,1
"com.google.common.base.Equivalence.Wrapper.hashCode()",1,1,1
"com.google.common.base.Equivalence.Wrapper.toString()",1,1,1
"com.google.common.base.Equivalence.equals()",1,1,1
"com.google.common.base.Equivalence.equivalent(T,T)",3,1,4
"com.google.common.base.Equivalence.equivalentTo(T)",1,1,1
"com.google.common.base.Equivalence.hash(T)",2,1,2
"com.google.common.base.Equivalence.identity()",1,1,1
"com.google.common.base.Equivalence.onResultOf(Function<F, ? extends T>)",1,1,1
"com.google.common.base.Equivalence.pairwise()",1,1,1
"com.google.common.base.Equivalence.wrap(S)",1,1,1
"com.google.common.base.FinalizablePhantomReference.FinalizablePhantomReference(T,FinalizableReferenceQueue)",1,1,1
"com.google.common.base.FinalizableReferenceQueue.DecoupledLoader.getBaseUrl()",3,1,3
"com.google.common.base.FinalizableReferenceQueue.DecoupledLoader.loadFinalizer()",1,2,2
"com.google.common.base.FinalizableReferenceQueue.DecoupledLoader.newLoader(URL)",1,1,1
"com.google.common.base.FinalizableReferenceQueue.DirectLoader.loadFinalizer()",1,1,2
"com.google.common.base.FinalizableReferenceQueue.FinalizableReferenceQueue()",1,2,3
"com.google.common.base.FinalizableReferenceQueue.SystemLoader.loadFinalizer()",3,3,5
"com.google.common.base.FinalizableReferenceQueue.cleanUp()",2,3,4
"com.google.common.base.FinalizableReferenceQueue.close()",1,1,1
"com.google.common.base.FinalizableReferenceQueue.getStartFinalizer(Class<?>)",1,1,2
"com.google.common.base.FinalizableReferenceQueue.loadFinalizer(FinalizerLoader...)",3,2,3
"com.google.common.base.FinalizableSoftReference.FinalizableSoftReference(T,FinalizableReferenceQueue)",1,1,1
"com.google.common.base.FinalizableWeakReference.FinalizableWeakReference(T,FinalizableReferenceQueue)",1,1,1
"com.google.common.base.FunctionalEquivalence.FunctionalEquivalence(Function<F, ? extends T>,Equivalence<T>)",1,1,1
"com.google.common.base.FunctionalEquivalence.doEquivalent(F,F)",1,1,1
"com.google.common.base.FunctionalEquivalence.doHash(F)",1,1,1
"com.google.common.base.FunctionalEquivalence.equals(Object)",3,3,4
"com.google.common.base.FunctionalEquivalence.hashCode()",1,1,1
"com.google.common.base.FunctionalEquivalence.toString()",1,1,1
"com.google.common.base.Functions.ConstantFunction.ConstantFunction(E)",1,1,1
"com.google.common.base.Functions.ConstantFunction.apply(Object)",1,1,1
"com.google.common.base.Functions.ConstantFunction.equals(Object)",2,2,2
"com.google.common.base.Functions.ConstantFunction.hashCode()",1,2,2
"com.google.common.base.Functions.ConstantFunction.toString()",1,1,1
"com.google.common.base.Functions.ForMapWithDefault.ForMapWithDefault(Map<K, ? extends V>,V)",1,1,1
"com.google.common.base.Functions.ForMapWithDefault.apply(K)",1,2,3
"com.google.common.base.Functions.ForMapWithDefault.equals(Object)",2,3,3
"com.google.common.base.Functions.ForMapWithDefault.hashCode()",1,1,1
"com.google.common.base.Functions.ForMapWithDefault.toString()",1,1,1
"com.google.common.base.Functions.FunctionComposition.FunctionComposition(Function<B, C>,Function<A, ? extends B>)",1,1,1
"com.google.common.base.Functions.FunctionComposition.apply(A)",1,1,1
"com.google.common.base.Functions.FunctionComposition.equals(Object)",2,3,3
"com.google.common.base.Functions.FunctionComposition.hashCode()",1,1,1
"com.google.common.base.Functions.FunctionComposition.toString()",1,1,1
"com.google.common.base.Functions.FunctionForMapNoDefault.FunctionForMapNoDefault(Map<K, V>)",1,1,1
"com.google.common.base.Functions.FunctionForMapNoDefault.apply(K)",1,2,2
"com.google.common.base.Functions.FunctionForMapNoDefault.equals(Object)",2,2,2
"com.google.common.base.Functions.FunctionForMapNoDefault.hashCode()",1,1,1
"com.google.common.base.Functions.FunctionForMapNoDefault.toString()",1,1,1
"com.google.common.base.Functions.Functions()",1,1,1
"com.google.common.base.Functions.IdentityFunction.apply(Object)",1,1,1
"com.google.common.base.Functions.IdentityFunction.toString()",1,1,1
"com.google.common.base.Functions.PredicateFunction.PredicateFunction(Predicate<T>)",1,1,1
"com.google.common.base.Functions.PredicateFunction.apply(T)",1,1,1
"com.google.common.base.Functions.PredicateFunction.equals(Object)",2,2,2
"com.google.common.base.Functions.PredicateFunction.hashCode()",1,1,1
"com.google.common.base.Functions.PredicateFunction.toString()",1,1,1
"com.google.common.base.Functions.SupplierFunction.SupplierFunction(Supplier<T>)",1,1,1
"com.google.common.base.Functions.SupplierFunction.apply(Object)",1,1,1
"com.google.common.base.Functions.SupplierFunction.equals(Object)",2,2,2
"com.google.common.base.Functions.SupplierFunction.hashCode()",1,1,1
"com.google.common.base.Functions.SupplierFunction.toString()",1,1,1
"com.google.common.base.Functions.ToStringFunction.apply(Object)",1,1,1
"com.google.common.base.Functions.ToStringFunction.toString()",1,1,1
"com.google.common.base.Functions.compose(Function<B, C>,Function<A, ? extends B>)",1,1,1
"com.google.common.base.Functions.constant(E)",1,1,1
"com.google.common.base.Functions.forMap(Map<K, ? extends V>,V)",1,1,1
"com.google.common.base.Functions.forMap(Map<K, V>)",1,1,1
"com.google.common.base.Functions.forPredicate(Predicate<T>)",1,1,1
"com.google.common.base.Functions.forSupplier(Supplier<T>)",1,1,1
"com.google.common.base.Functions.identity()",1,1,1
"com.google.common.base.Functions.toStringFunction()",1,1,1
"com.google.common.base.GwtSerializationDependencies.GwtSerializationDependencies()",1,1,1
"com.google.common.base.GwtSerializationDependencies.OptionalDependencies.OptionalDependencies()",1,1,1
"com.google.common.base.GwtSerializationDependencies.OptionalDependencies.asSet()",1,1,1
"com.google.common.base.GwtSerializationDependencies.OptionalDependencies.equals(Object)",1,1,1
"com.google.common.base.GwtSerializationDependencies.OptionalDependencies.get()",1,1,1
"com.google.common.base.GwtSerializationDependencies.OptionalDependencies.hashCode()",1,1,1
"com.google.common.base.GwtSerializationDependencies.OptionalDependencies.isPresent()",1,1,1
"com.google.common.base.GwtSerializationDependencies.OptionalDependencies.or(Optional<? extends T>)",1,1,1
"com.google.common.base.GwtSerializationDependencies.OptionalDependencies.or(Supplier<? extends T>)",1,1,1
"com.google.common.base.GwtSerializationDependencies.OptionalDependencies.or(T)",1,1,1
"com.google.common.base.GwtSerializationDependencies.OptionalDependencies.orNull()",1,1,1
"com.google.common.base.GwtSerializationDependencies.OptionalDependencies.toString()",1,1,1
"com.google.common.base.GwtSerializationDependencies.OptionalDependencies.transform(Function<? super T, V>)",1,1,1
"com.google.common.base.Joiner.Joiner(Joiner)",1,1,1
"com.google.common.base.Joiner.Joiner(String)",1,1,1
"com.google.common.base.Joiner.MapJoiner.MapJoiner(Joiner,String)",1,1,1
"com.google.common.base.Joiner.MapJoiner.appendTo(A,I)",1,1,1
"com.google.common.base.Joiner.MapJoiner.appendTo(A,Iterable<? extends Entry<?, ?>>)",1,1,1
"com.google.common.base.Joiner.MapJoiner.appendTo(A,Iterator<? extends Entry<?, ?>>)",1,3,3
"com.google.common.base.Joiner.MapJoiner.appendTo(A,Map<?, ?>)",1,1,1
"com.google.common.base.Joiner.MapJoiner.appendTo(StringBuilder,I)",1,1,1
"com.google.common.base.Joiner.MapJoiner.appendTo(StringBuilder,Iterable<? extends Entry<?, ?>>)",1,1,1
"com.google.common.base.Joiner.MapJoiner.appendTo(StringBuilder,Iterator<? extends Entry<?, ?>>)",1,1,2
"com.google.common.base.Joiner.MapJoiner.appendTo(StringBuilder,Map<?, ?>)",1,1,1
"com.google.common.base.Joiner.MapJoiner.join(I)",1,1,1
"com.google.common.base.Joiner.MapJoiner.join(Iterable<? extends Entry<?, ?>>)",1,1,1
"com.google.common.base.Joiner.MapJoiner.join(Iterator<? extends Entry<?, ?>>)",1,1,1
"com.google.common.base.Joiner.MapJoiner.join(Map<?, ?>)",1,1,1
"com.google.common.base.Joiner.MapJoiner.useForNull(String)",1,1,1
"com.google.common.base.Joiner.appendTo(A,I)",1,1,1
"com.google.common.base.Joiner.appendTo(A,Iterable<?>)",1,1,1
"com.google.common.base.Joiner.appendTo(A,Iterator<?>)",1,3,3
"com.google.common.base.Joiner.appendTo(A,Object,Object,Object...)",1,1,1
"com.google.common.base.Joiner.appendTo(A,Object[])",1,1,1
"com.google.common.base.Joiner.appendTo(StringBuilder,I)",1,1,1
"com.google.common.base.Joiner.appendTo(StringBuilder,Iterable<?>)",1,1,1
"com.google.common.base.Joiner.appendTo(StringBuilder,Iterator<?>)",1,1,2
"com.google.common.base.Joiner.appendTo(StringBuilder,Object,Object,Object...)",1,1,1
"com.google.common.base.Joiner.appendTo(StringBuilder,Object[])",1,1,1
"com.google.common.base.Joiner.iterable(Object,Object,Object[])",4,2,4
"com.google.common.base.Joiner.join(I)",1,1,1
"com.google.common.base.Joiner.join(Iterable<?>)",1,1,1
"com.google.common.base.Joiner.join(Iterator<?>)",1,1,1
"com.google.common.base.Joiner.join(Object,Object,Object...)",1,1,1
"com.google.common.base.Joiner.join(Object[])",1,1,1
"com.google.common.base.Joiner.on(String)",1,1,1
"com.google.common.base.Joiner.on(char)",1,1,1
"com.google.common.base.Joiner.skipNulls()",3,5,5
"com.google.common.base.Joiner.toString(Object)",1,2,2
"com.google.common.base.Joiner.useForNull(String)",1,2,2
"com.google.common.base.Joiner.withKeyValueSeparator(String)",1,1,1
"com.google.common.base.MediumCharMatcher.MediumCharMatcher(char[],long,boolean,String)",1,1,1
"com.google.common.base.MediumCharMatcher.checkFilter(int)",1,1,1
"com.google.common.base.MediumCharMatcher.chooseTableSize(int)",2,1,3
"com.google.common.base.MediumCharMatcher.from(BitSet,String)",4,1,4
"com.google.common.base.MediumCharMatcher.matches(char)",6,1,6
"com.google.common.base.MediumCharMatcher.setBits(BitSet)",1,4,4
"com.google.common.base.Objects.Objects()",1,1,1
"com.google.common.base.Objects.ToStringHelper.ToStringHelper(String)",1,1,1
"com.google.common.base.Objects.ToStringHelper.add(String,Object)",1,1,1
"com.google.common.base.Objects.ToStringHelper.add(String,boolean)",1,1,1
"com.google.common.base.Objects.ToStringHelper.add(String,char)",1,1,1
"com.google.common.base.Objects.ToStringHelper.add(String,double)",1,1,1
"com.google.common.base.Objects.ToStringHelper.add(String,float)",1,1,1
"com.google.common.base.Objects.ToStringHelper.add(String,int)",1,1,1
"com.google.common.base.Objects.ToStringHelper.add(String,long)",1,1,1
"com.google.common.base.Objects.ToStringHelper.addHolder()",1,1,1
"com.google.common.base.Objects.ToStringHelper.addHolder(Object)",1,1,1
"com.google.common.base.Objects.ToStringHelper.addValue(Object)",1,1,1
"com.google.common.base.Objects.ToStringHelper.addValue(boolean)",1,1,1
"com.google.common.base.Objects.ToStringHelper.addValue(char)",1,1,1
"com.google.common.base.Objects.ToStringHelper.addValue(double)",1,1,1
"com.google.common.base.Objects.ToStringHelper.addValue(float)",1,1,1
"com.google.common.base.Objects.ToStringHelper.addValue(int)",1,1,1
"com.google.common.base.Objects.ToStringHelper.addValue(long)",1,1,1
"com.google.common.base.Objects.ToStringHelper.checkNameAndAppend(String)",1,1,1
"com.google.common.base.Objects.ToStringHelper.omitNullValues()",1,1,1
"com.google.common.base.Objects.ToStringHelper.toString()",1,4,5
"com.google.common.base.Objects.equal(Object,Object)",1,3,3
"com.google.common.base.Objects.firstNonNull(T,T)",1,2,2
"com.google.common.base.Objects.hashCode(Object...)",1,1,1
"com.google.common.base.Objects.simpleName(Class<?>)",1,2,2
"com.google.common.base.Objects.toStringHelper(Class<?>)",1,1,1
"com.google.common.base.Objects.toStringHelper(Object)",1,1,1
"com.google.common.base.Objects.toStringHelper(String)",1,1,1
"com.google.common.base.Optional.Optional()",1,1,1
"com.google.common.base.Optional.absent()",1,1,1
"com.google.common.base.Optional.fromNullable(T)",1,2,2
"com.google.common.base.Optional.of(T)",1,1,1
"com.google.common.base.Optional.presentInstances(Iterable<? extends Optional<? extends T>>)",3,3,3
"com.google.common.base.PairwiseEquivalence.PairwiseEquivalence(Equivalence<? super T>)",1,1,1
"com.google.common.base.PairwiseEquivalence.doEquivalent(Iterable<T>,Iterable<T>)",3,4,5
"com.google.common.base.PairwiseEquivalence.doHash(Iterable<T>)",1,2,2
"com.google.common.base.PairwiseEquivalence.equals(Object)",2,2,2
"com.google.common.base.PairwiseEquivalence.hashCode()",1,1,1
"com.google.common.base.PairwiseEquivalence.toString()",1,1,1
"com.google.common.base.PairwiseEquivalence_CustomFieldSerializer.PairwiseEquivalence_CustomFieldSerializer()",1,1,1
"com.google.common.base.PairwiseEquivalence_CustomFieldSerializer.create(Equivalence<T>)",1,1,1
"com.google.common.base.PairwiseEquivalence_CustomFieldSerializer.deserialize(SerializationStreamReader,PairwiseEquivalence<?>)",1,1,1
"com.google.common.base.PairwiseEquivalence_CustomFieldSerializer.instantiate(SerializationStreamReader)",1,1,1
"com.google.common.base.PairwiseEquivalence_CustomFieldSerializer.serialize(SerializationStreamWriter,PairwiseEquivalence<?>)",1,1,1
"com.google.common.base.Platform.Platform()",1,1,1
"com.google.common.base.Platform.charBufferFromThreadLocal()",1,1,1
"com.google.common.base.Platform.precomputeCharMatcher(CharMatcher)",1,1,1
"com.google.common.base.Platform.systemNanoTime()",1,1,1
"com.google.common.base.Preconditions.Preconditions()",1,1,1
"com.google.common.base.Preconditions.badElementIndex(int,int,String)",3,3,3
"com.google.common.base.Preconditions.badPositionIndex(int,int,String)",3,3,3
"com.google.common.base.Preconditions.badPositionIndexes(int,int,int)",3,3,5
"com.google.common.base.Preconditions.checkArgument(boolean)",2,1,2
"com.google.common.base.Preconditions.checkArgument(boolean,Object)",2,2,2
"com.google.common.base.Preconditions.checkArgument(boolean,String,Object...)",2,2,2
"com.google.common.base.Preconditions.checkElementIndex(int,int)",1,1,1
"com.google.common.base.Preconditions.checkElementIndex(int,int,String)",2,2,3
"com.google.common.base.Preconditions.checkNotNull(T)",2,1,2
"com.google.common.base.Preconditions.checkNotNull(T,Object)",2,2,2
"com.google.common.base.Preconditions.checkNotNull(T,String,Object...)",2,2,2
"com.google.common.base.Preconditions.checkPositionIndex(int,int)",1,1,1
"com.google.common.base.Preconditions.checkPositionIndex(int,int,String)",2,2,3
"com.google.common.base.Preconditions.checkPositionIndexes(int,int,int)",2,2,4
"com.google.common.base.Preconditions.checkState(boolean)",2,1,2
"com.google.common.base.Preconditions.checkState(boolean,Object)",2,2,2
"com.google.common.base.Preconditions.checkState(boolean,String,Object...)",2,2,2
"com.google.common.base.Preconditions.format(String,Object...)",3,4,5
"com.google.common.base.Predicates.AndPredicate.AndPredicate(List<? extends Predicate<? super T>>)",1,1,1
"com.google.common.base.Predicates.AndPredicate.apply(T)",3,2,3
"com.google.common.base.Predicates.AndPredicate.equals(Object)",2,2,2
"com.google.common.base.Predicates.AndPredicate.hashCode()",1,1,1
"com.google.common.base.Predicates.AndPredicate.toString()",1,1,1
"com.google.common.base.Predicates.AssignableFromPredicate.AssignableFromPredicate(Class<?>)",1,1,1
"com.google.common.base.Predicates.AssignableFromPredicate.apply(Class<?>)",1,1,1
"com.google.common.base.Predicates.AssignableFromPredicate.equals(Object)",2,1,2
"com.google.common.base.Predicates.AssignableFromPredicate.hashCode()",1,1,1
"com.google.common.base.Predicates.AssignableFromPredicate.toString()",1,1,1
"com.google.common.base.Predicates.CompositionPredicate.CompositionPredicate(Predicate<B>,Function<A, ? extends B>)",1,1,1
"com.google.common.base.Predicates.CompositionPredicate.apply(A)",1,1,1
"com.google.common.base.Predicates.CompositionPredicate.equals(Object)",2,3,3
"com.google.common.base.Predicates.CompositionPredicate.hashCode()",1,1,1
"com.google.common.base.Predicates.CompositionPredicate.toString()",1,1,1
"com.google.common.base.Predicates.ContainsPatternPredicate.ContainsPatternPredicate(Pattern)",1,1,1
"com.google.common.base.Predicates.ContainsPatternPredicate.ContainsPatternPredicate(String)",1,1,1
"com.google.common.base.Predicates.ContainsPatternPredicate.apply(CharSequence)",1,1,1
"com.google.common.base.Predicates.ContainsPatternPredicate.equals(Object)",2,3,3
"com.google.common.base.Predicates.ContainsPatternPredicate.hashCode()",1,1,1
"com.google.common.base.Predicates.ContainsPatternPredicate.toString()",1,1,1
"com.google.common.base.Predicates.InPredicate.InPredicate(Collection<?>)",1,1,1
"com.google.common.base.Predicates.InPredicate.apply(T)",1,1,3
"com.google.common.base.Predicates.InPredicate.equals(Object)",2,2,2
"com.google.common.base.Predicates.InPredicate.hashCode()",1,1,1
"com.google.common.base.Predicates.InPredicate.toString()",1,1,1
"com.google.common.base.Predicates.InstanceOfPredicate.InstanceOfPredicate(Class<?>)",1,1,1
"com.google.common.base.Predicates.InstanceOfPredicate.apply(Object)",1,1,1
"com.google.common.base.Predicates.InstanceOfPredicate.equals(Object)",2,1,2
"com.google.common.base.Predicates.InstanceOfPredicate.hashCode()",1,1,1
"com.google.common.base.Predicates.InstanceOfPredicate.toString()",1,1,1
"com.google.common.base.Predicates.IsEqualToPredicate.IsEqualToPredicate(T)",1,1,1
"com.google.common.base.Predicates.IsEqualToPredicate.apply(T)",1,1,1
"com.google.common.base.Predicates.IsEqualToPredicate.equals(Object)",2,2,2
"com.google.common.base.Predicates.IsEqualToPredicate.hashCode()",1,1,1
"com.google.common.base.Predicates.IsEqualToPredicate.toString()",1,1,1
"com.google.common.base.Predicates.NotPredicate.NotPredicate(Predicate<T>)",1,1,1
"com.google.common.base.Predicates.NotPredicate.apply(T)",1,1,1
"com.google.common.base.Predicates.NotPredicate.equals(Object)",2,2,2
"com.google.common.base.Predicates.NotPredicate.hashCode()",1,1,1
"com.google.common.base.Predicates.NotPredicate.toString()",1,1,1
"com.google.common.base.Predicates.ObjectPredicate.withNarrowedType()",1,1,1
"com.google.common.base.Predicates.OrPredicate.OrPredicate(List<? extends Predicate<? super T>>)",1,1,1
"com.google.common.base.Predicates.OrPredicate.apply(T)",3,2,3
"com.google.common.base.Predicates.OrPredicate.equals(Object)",2,2,2
"com.google.common.base.Predicates.OrPredicate.hashCode()",1,1,1
"com.google.common.base.Predicates.OrPredicate.toString()",1,1,1
"com.google.common.base.Predicates.Predicates()",1,1,1
"com.google.common.base.Predicates.alwaysFalse()",1,1,1
"com.google.common.base.Predicates.alwaysTrue()",1,1,1
"com.google.common.base.Predicates.and(Iterable<? extends Predicate<? super T>>)",1,1,1
"com.google.common.base.Predicates.and(Predicate<? super T>,Predicate<? super T>)",1,1,1
"com.google.common.base.Predicates.and(Predicate<? super T>...)",1,1,1
"com.google.common.base.Predicates.asList(Predicate<? super T>,Predicate<? super T>)",1,1,1
"com.google.common.base.Predicates.assignableFrom(Class<?>)",1,1,1
"com.google.common.base.Predicates.compose(Predicate<B>,Function<A, ? extends B>)",1,1,1
"com.google.common.base.Predicates.contains(Pattern)",1,1,1
"com.google.common.base.Predicates.containsPattern(String)",1,1,1
"com.google.common.base.Predicates.defensiveCopy(Iterable<T>)",1,2,2
"com.google.common.base.Predicates.defensiveCopy(T...)",1,1,1
"com.google.common.base.Predicates.equalTo(T)",1,2,2
"com.google.common.base.Predicates.in(Collection<? extends T>)",1,1,1
"com.google.common.base.Predicates.instanceOf(Class<?>)",1,1,1
"com.google.common.base.Predicates.isNull()",1,1,1
"com.google.common.base.Predicates.not(Predicate<T>)",1,1,1
"com.google.common.base.Predicates.notNull()",1,1,1
"com.google.common.base.Predicates.or(Iterable<? extends Predicate<? super T>>)",1,1,1
"com.google.common.base.Predicates.or(Predicate<? super T>,Predicate<? super T>)",1,1,1
"com.google.common.base.Predicates.or(Predicate<? super T>...)",1,1,1
"com.google.common.base.Present.Present(T)",1,1,1
"com.google.common.base.Present.asSet()",1,1,1
"com.google.common.base.Present.equals(Object)",2,2,2
"com.google.common.base.Present.get()",1,1,1
"com.google.common.base.Present.hashCode()",1,1,1
"com.google.common.base.Present.isPresent()",1,1,1
"com.google.common.base.Present.or(Optional<? extends T>)",1,1,1
"com.google.common.base.Present.or(Supplier<? extends T>)",1,1,1
"com.google.common.base.Present.or(T)",1,1,1
"com.google.common.base.Present.orNull()",1,1,1
"com.google.common.base.Present.toString()",1,1,1
"com.google.common.base.Present.transform(Function<? super T, V>)",1,1,1
"com.google.common.base.Present_CustomFieldSerializer.deserialize(SerializationStreamReader,Present<?>)",1,1,1
"com.google.common.base.Present_CustomFieldSerializer.instantiate(SerializationStreamReader)",1,1,1
"com.google.common.base.Present_CustomFieldSerializer.serialize(SerializationStreamWriter,Present<?>)",1,1,1
"com.google.common.base.SmallCharMatcher.SmallCharMatcher(char[],long,boolean,boolean,String)",1,1,1
"com.google.common.base.SmallCharMatcher.buildTable(int,char[],boolean)",3,1,7
"com.google.common.base.SmallCharMatcher.checkFilter(int)",1,1,1
"com.google.common.base.SmallCharMatcher.from(BitSet,String)",1,1,2
"com.google.common.base.SmallCharMatcher.from(char[],String)",1,3,5
"com.google.common.base.SmallCharMatcher.matches(char)",7,1,8
"com.google.common.base.SmallCharMatcher.setBits(BitSet)",1,4,4
"com.google.common.base.Splitter.MapSplitter.MapSplitter(Splitter,Splitter)",1,1,1
"com.google.common.base.Splitter.MapSplitter.split(CharSequence)",1,2,2
"com.google.common.base.Splitter.Splitter(Strategy)",1,1,1
"com.google.common.base.Splitter.Splitter(Strategy,boolean,CharMatcher,int)",1,1,1
"com.google.common.base.Splitter.SplittingIterator.SplittingIterator(Splitter,CharSequence)",1,1,1
"com.google.common.base.Splitter.SplittingIterator.computeNext()",4,8,14
"com.google.common.base.Splitter.fixedLength(int)",1,1,2
"com.google.common.base.Splitter.limit(int)",1,1,1
"com.google.common.base.Splitter.omitEmptyStrings()",1,1,1
"com.google.common.base.Splitter.on(CharMatcher)",1,1,1
"com.google.common.base.Splitter.on(Pattern)",1,2,2
"com.google.common.base.Splitter.on(String)",4,3,4
"com.google.common.base.Splitter.on(char)",1,1,1
"com.google.common.base.Splitter.onPattern(String)",1,1,1
"com.google.common.base.Splitter.split(CharSequence)",1,1,1
"com.google.common.base.Splitter.spliterator(CharSequence)",1,1,1
"com.google.common.base.Splitter.trimResults()",1,1,1
"com.google.common.base.Splitter.trimResults(CharMatcher)",1,1,1
"com.google.common.base.Splitter.withKeyValueSeparator(Splitter)",1,1,1
"com.google.common.base.Splitter.withKeyValueSeparator(String)",1,1,1
"com.google.common.base.Stopwatch.Stopwatch()",1,1,1
"com.google.common.base.Stopwatch.Stopwatch(Ticker)",1,1,1
"com.google.common.base.Stopwatch.abbreviate(TimeUnit)",6,2,6
"com.google.common.base.Stopwatch.chooseUnit(long)",4,1,4
"com.google.common.base.Stopwatch.elapsedMillis()",1,1,1
"com.google.common.base.Stopwatch.elapsedNanos()",1,2,2
"com.google.common.base.Stopwatch.elapsedTime(TimeUnit)",1,1,1
"com.google.common.base.Stopwatch.isRunning()",1,1,1
"com.google.common.base.Stopwatch.reset()",1,1,1
"com.google.common.base.Stopwatch.start()",1,1,1
"com.google.common.base.Stopwatch.stop()",1,1,1
"com.google.common.base.Stopwatch.toString()",1,1,1
"com.google.common.base.Stopwatch.toString(int)",1,1,1
"com.google.common.base.Strings.Strings()",1,1,1
"com.google.common.base.Strings.commonPrefix(CharSequence,CharSequence)",1,3,5
"com.google.common.base.Strings.commonSuffix(CharSequence,CharSequence)",1,3,5
"com.google.common.base.Strings.emptyToNull(String)",1,1,2
"com.google.common.base.Strings.isNullOrEmpty(String)",1,2,2
"com.google.common.base.Strings.nullToEmpty(String)",1,1,2
"com.google.common.base.Strings.padEnd(String,int,char)",2,2,3
"com.google.common.base.Strings.padStart(String,int,char)",2,2,3
"com.google.common.base.Strings.repeat(String,int)",3,4,5
"com.google.common.base.Strings.validSurrogatePairAt(CharSequence,int)",1,4,4
"com.google.common.base.Suppliers.ExpiringMemoizingSupplier.ExpiringMemoizingSupplier(Supplier<T>,long,TimeUnit)",1,1,1
"com.google.common.base.Suppliers.ExpiringMemoizingSupplier.get()",3,3,5
"com.google.common.base.Suppliers.ExpiringMemoizingSupplier.toString()",1,1,1
"com.google.common.base.Suppliers.MemoizingSupplier.MemoizingSupplier(Supplier<T>)",1,1,1
"com.google.common.base.Suppliers.MemoizingSupplier.get()",3,3,3
"com.google.common.base.Suppliers.MemoizingSupplier.toString()",1,1,1
"com.google.common.base.Suppliers.SupplierComposition.SupplierComposition(Function<? super F, T>,Supplier<F>)",1,1,1
"com.google.common.base.Suppliers.SupplierComposition.get()",1,1,1
"com.google.common.base.Suppliers.SupplierComposition.toString()",1,1,1
"com.google.common.base.Suppliers.SupplierFunction.apply(Supplier<?>)",1,1,1
"com.google.common.base.Suppliers.SupplierFunction.toString()",1,1,1
"com.google.common.base.Suppliers.SupplierOfInstance.SupplierOfInstance(T)",1,1,1
"com.google.common.base.Suppliers.SupplierOfInstance.get()",1,1,1
"com.google.common.base.Suppliers.SupplierOfInstance.toString()",1,1,1
"com.google.common.base.Suppliers.Suppliers()",1,1,1
"com.google.common.base.Suppliers.ThreadSafeSupplier.ThreadSafeSupplier(Supplier<T>)",1,1,1
"com.google.common.base.Suppliers.ThreadSafeSupplier.get()",1,1,1
"com.google.common.base.Suppliers.ThreadSafeSupplier.toString()",1,1,1
"com.google.common.base.Suppliers.compose(Function<? super F, T>,Supplier<F>)",1,1,1
"com.google.common.base.Suppliers.memoize(Supplier<T>)",1,2,2
"com.google.common.base.Suppliers.memoizeWithExpiration(Supplier<T>,long,TimeUnit)",1,1,1
"com.google.common.base.Suppliers.ofInstance(T)",1,1,1
"com.google.common.base.Suppliers.supplierFunction()",1,1,1
"com.google.common.base.Suppliers.synchronizedSupplier(Supplier<T>)",1,1,1
"com.google.common.base.Throwables.Throwables()",1,1,1
"com.google.common.base.Throwables.getCausalChain(Throwable)",1,2,2
"com.google.common.base.Throwables.getRootCause(Throwable)",1,1,2
"com.google.common.base.Throwables.getStackTraceAsString(Throwable)",1,1,1
"com.google.common.base.Throwables.propagate(Throwable)",1,1,1
"com.google.common.base.Throwables.propagateIfInstanceOf(Throwable,Class<X>)",2,3,3
"com.google.common.base.Throwables.propagateIfPossible(Throwable)",1,1,1
"com.google.common.base.Throwables.propagateIfPossible(Throwable,Class<X1>,Class<X2>)",1,1,1
"com.google.common.base.Throwables.propagateIfPossible(Throwable,Class<X>)",1,1,1
"com.google.common.base.Ticker.Ticker()",1,1,1
"com.google.common.base.Ticker.systemTicker()",1,1,1
"com.google.common.base.internal.Finalizer.Finalizer(Class<?>,ReferenceQueue<Object>,PhantomReference<Object>)",1,1,1
"com.google.common.base.internal.Finalizer.cleanUp(Reference<?>)",3,3,4
"com.google.common.base.internal.Finalizer.getFinalizeReferentMethod()",2,1,3
"com.google.common.base.internal.Finalizer.getInheritableThreadLocalsField()",1,2,2
"com.google.common.base.internal.Finalizer.run()",1,2,4
"com.google.common.base.internal.Finalizer.startFinalizer(Class<?>,ReferenceQueue<Object>,PhantomReference<Object>)",2,3,4
"com.google.common.cache.AbstractCache.AbstractCache()",1,1,1
"com.google.common.cache.AbstractCache.SimpleStatsCounter.SimpleStatsCounter()",1,1,1
"com.google.common.cache.AbstractCache.SimpleStatsCounter.incrementBy(StatsCounter)",1,1,1
"com.google.common.cache.AbstractCache.SimpleStatsCounter.recordEviction()",1,1,1
"com.google.common.cache.AbstractCache.SimpleStatsCounter.recordHits(int)",1,1,1
"com.google.common.cache.AbstractCache.SimpleStatsCounter.recordLoadException(long)",1,1,1
"com.google.common.cache.AbstractCache.SimpleStatsCounter.recordLoadSuccess(long)",1,1,1
"com.google.common.cache.AbstractCache.SimpleStatsCounter.recordMisses(int)",1,1,1
"com.google.common.cache.AbstractCache.SimpleStatsCounter.snapshot()",1,1,1
"com.google.common.cache.AbstractCache.asMap()",1,1,1
"com.google.common.cache.AbstractCache.cleanUp()",1,1,1
"com.google.common.cache.AbstractCache.get(K,Callable<? extends V>)",1,1,1
"com.google.common.cache.AbstractCache.getAllPresent(Iterable<?>)",1,3,3
"com.google.common.cache.AbstractCache.invalidate(Object)",1,1,1
"com.google.common.cache.AbstractCache.invalidateAll()",1,1,1
"com.google.common.cache.AbstractCache.invalidateAll(Iterable<?>)",1,2,2
"com.google.common.cache.AbstractCache.put(K,V)",1,1,1
"com.google.common.cache.AbstractCache.putAll(Map<? extends K, ? extends V>)",1,2,2
"com.google.common.cache.AbstractCache.size()",1,1,1
"com.google.common.cache.AbstractCache.stats()",1,1,1
"com.google.common.cache.AbstractLoadingCache.AbstractLoadingCache()",1,1,1
"com.google.common.cache.AbstractLoadingCache.apply(K)",1,1,1
"com.google.common.cache.AbstractLoadingCache.getAll(Iterable<? extends K>)",1,3,3
"com.google.common.cache.AbstractLoadingCache.getUnchecked(K)",1,2,2
"com.google.common.cache.AbstractLoadingCache.refresh(K)",1,1,1
"com.google.common.cache.CacheBuilder.CacheBuilder()",1,1,1
"com.google.common.cache.CacheBuilder.NullListener.onRemoval(RemovalNotification<Object, Object>)",1,1,1
"com.google.common.cache.CacheBuilder.OneWeigher.weigh(Object,Object)",1,1,1
"com.google.common.cache.CacheBuilder.build()",1,1,1
"com.google.common.cache.CacheBuilder.build(CacheLoader<? super K1, V1>)",1,1,1
"com.google.common.cache.CacheBuilder.checkNonLoadingCache()",1,1,1
"com.google.common.cache.CacheBuilder.checkWeightWithWeigher()",1,4,4
"com.google.common.cache.CacheBuilder.concurrencyLevel(int)",1,1,1
"com.google.common.cache.CacheBuilder.expireAfterAccess(long,TimeUnit)",1,1,1
"com.google.common.cache.CacheBuilder.expireAfterWrite(long,TimeUnit)",1,1,1
"com.google.common.cache.CacheBuilder.from(CacheBuilderSpec)",1,1,1
"com.google.common.cache.CacheBuilder.from(String)",1,1,1
"com.google.common.cache.CacheBuilder.getConcurrencyLevel()",1,1,2
"com.google.common.cache.CacheBuilder.getExpireAfterAccessNanos()",1,1,2
"com.google.common.cache.CacheBuilder.getExpireAfterWriteNanos()",1,1,2
"com.google.common.cache.CacheBuilder.getInitialCapacity()",1,1,2
"com.google.common.cache.CacheBuilder.getKeyEquivalence()",1,1,1
"com.google.common.cache.CacheBuilder.getKeyStrength()",1,1,1
"com.google.common.cache.CacheBuilder.getMaximumWeight()",2,1,4
"com.google.common.cache.CacheBuilder.getRefreshNanos()",1,1,2
"com.google.common.cache.CacheBuilder.getRemovalListener()",1,1,1
"com.google.common.cache.CacheBuilder.getStatsCounterSupplier()",1,1,1
"com.google.common.cache.CacheBuilder.getTicker(boolean)",2,2,3
"com.google.common.cache.CacheBuilder.getValueEquivalence()",1,1,1
"com.google.common.cache.CacheBuilder.getValueStrength()",1,1,1
"com.google.common.cache.CacheBuilder.getWeigher()",1,1,1
"com.google.common.cache.CacheBuilder.initialCapacity(int)",1,1,1
"com.google.common.cache.CacheBuilder.keyEquivalence(Equivalence<Object>)",1,1,1
"com.google.common.cache.CacheBuilder.lenientParsing()",1,1,1
"com.google.common.cache.CacheBuilder.maximumSize(long)",1,1,1
"com.google.common.cache.CacheBuilder.maximumWeight(long)",1,1,1
"com.google.common.cache.CacheBuilder.newBuilder()",1,1,1
"com.google.common.cache.CacheBuilder.recordStats()",1,1,1
"com.google.common.cache.CacheBuilder.refreshAfterWrite(long,TimeUnit)",1,1,1
"com.google.common.cache.CacheBuilder.removalListener(RemovalListener<? super K1, ? super V1>)",1,1,1
"com.google.common.cache.CacheBuilder.setKeyStrength(Strength)",1,1,1
"com.google.common.cache.CacheBuilder.setValueStrength(Strength)",1,1,1
"com.google.common.cache.CacheBuilder.softValues()",1,1,1
"com.google.common.cache.CacheBuilder.ticker(Ticker)",1,1,1
"com.google.common.cache.CacheBuilder.toString()",1,12,12
"com.google.common.cache.CacheBuilder.valueEquivalence(Equivalence<Object>)",1,1,1
"com.google.common.cache.CacheBuilder.weakKeys()",1,1,1
"com.google.common.cache.CacheBuilder.weakValues()",1,1,1
"com.google.common.cache.CacheBuilder.weigher(Weigher<? super K1, ? super V1>)",1,2,2
"com.google.common.cache.CacheBuilderSpec.AccessDurationParser.parseDuration(CacheBuilderSpec,long,TimeUnit)",1,1,1
"com.google.common.cache.CacheBuilderSpec.CacheBuilderSpec(String)",1,1,1
"com.google.common.cache.CacheBuilderSpec.ConcurrencyLevelParser.parseInteger(CacheBuilderSpec,int)",1,1,1
"com.google.common.cache.CacheBuilderSpec.DurationParser.parse(CacheBuilderSpec,String,String)",2,4,8
"com.google.common.cache.CacheBuilderSpec.InitialCapacityParser.parseInteger(CacheBuilderSpec,int)",1,1,1
"com.google.common.cache.CacheBuilderSpec.IntegerParser.parse(CacheBuilderSpec,String,String)",1,3,3
"com.google.common.cache.CacheBuilderSpec.KeyStrengthParser.KeyStrengthParser(Strength)",1,1,1
"com.google.common.cache.CacheBuilderSpec.KeyStrengthParser.parse(CacheBuilderSpec,String,String)",1,1,1
"com.google.common.cache.CacheBuilderSpec.LongParser.parse(CacheBuilderSpec,String,String)",1,3,3
"com.google.common.cache.CacheBuilderSpec.MaximumSizeParser.parseLong(CacheBuilderSpec,long)",1,1,1
"com.google.common.cache.CacheBuilderSpec.MaximumWeightParser.parseLong(CacheBuilderSpec,long)",1,1,1
"com.google.common.cache.CacheBuilderSpec.RefreshDurationParser.parseDuration(CacheBuilderSpec,long,TimeUnit)",1,1,1
"com.google.common.cache.CacheBuilderSpec.ValueStrengthParser.ValueStrengthParser(Strength)",1,1,1
"com.google.common.cache.CacheBuilderSpec.ValueStrengthParser.parse(CacheBuilderSpec,String,String)",1,1,1
"com.google.common.cache.CacheBuilderSpec.WriteDurationParser.parseDuration(CacheBuilderSpec,long,TimeUnit)",1,1,1
"com.google.common.cache.CacheBuilderSpec.disableCaching()",1,1,1
"com.google.common.cache.CacheBuilderSpec.durationInNanos(long,TimeUnit)",1,2,2
"com.google.common.cache.CacheBuilderSpec.equals(Object)",3,9,11
"com.google.common.cache.CacheBuilderSpec.hashCode()",1,1,1
"com.google.common.cache.CacheBuilderSpec.parse(String)",1,4,4
"com.google.common.cache.CacheBuilderSpec.toCacheBuilder()",5,12,15
"com.google.common.cache.CacheBuilderSpec.toParsableString()",1,1,1
"com.google.common.cache.CacheBuilderSpec.toString()",1,1,1
"com.google.common.cache.CacheLoader.CacheLoader()",1,1,1
"com.google.common.cache.CacheLoader.FunctionToCacheLoader.FunctionToCacheLoader(Function<K, V>)",1,1,1
"com.google.common.cache.CacheLoader.FunctionToCacheLoader.load(K)",1,1,1
"com.google.common.cache.CacheLoader.InvalidCacheLoadException.InvalidCacheLoadException(String)",1,1,1
"com.google.common.cache.CacheLoader.SupplierToCacheLoader.SupplierToCacheLoader(Supplier<V>)",1,1,1
"com.google.common.cache.CacheLoader.SupplierToCacheLoader.load(Object)",1,1,1
"com.google.common.cache.CacheLoader.from(Function<K, V>)",1,1,1
"com.google.common.cache.CacheLoader.from(Supplier<V>)",1,1,1
"com.google.common.cache.CacheLoader.loadAll(Iterable<? extends K>)",1,1,1
"com.google.common.cache.CacheLoader.reload(K,V)",1,1,1
"com.google.common.cache.CacheStats.CacheStats(long,long,long,long,long,long)",1,1,1
"com.google.common.cache.CacheStats.averageLoadPenalty()",1,1,2
"com.google.common.cache.CacheStats.equals(Object)",2,1,7
"com.google.common.cache.CacheStats.evictionCount()",1,1,1
"com.google.common.cache.CacheStats.hashCode()",1,1,1
"com.google.common.cache.CacheStats.hitCount()",1,1,1
"com.google.common.cache.CacheStats.hitRate()",1,1,2
"com.google.common.cache.CacheStats.loadCount()",1,1,1
"com.google.common.cache.CacheStats.loadExceptionCount()",1,1,1
"com.google.common.cache.CacheStats.loadExceptionRate()",1,1,2
"com.google.common.cache.CacheStats.loadSuccessCount()",1,1,1
"com.google.common.cache.CacheStats.minus(CacheStats)",1,1,1
"com.google.common.cache.CacheStats.missCount()",1,1,1
"com.google.common.cache.CacheStats.missRate()",1,1,2
"com.google.common.cache.CacheStats.plus(CacheStats)",1,1,1
"com.google.common.cache.CacheStats.requestCount()",1,1,1
"com.google.common.cache.CacheStats.toString()",1,1,1
"com.google.common.cache.CacheStats.totalLoadTime()",1,1,1
"com.google.common.cache.ForwardingCache.ForwardingCache()",1,1,1
"com.google.common.cache.ForwardingCache.SimpleForwardingCache.SimpleForwardingCache(Cache<K, V>)",1,1,1
"com.google.common.cache.ForwardingCache.SimpleForwardingCache.delegate()",1,1,1
"com.google.common.cache.ForwardingCache.asMap()",1,1,1
"com.google.common.cache.ForwardingCache.cleanUp()",1,1,1
"com.google.common.cache.ForwardingCache.get(K,Callable<? extends V>)",1,1,1
"com.google.common.cache.ForwardingCache.getAllPresent(Iterable<?>)",1,1,1
"com.google.common.cache.ForwardingCache.getIfPresent(Object)",1,1,1
"com.google.common.cache.ForwardingCache.invalidate(Object)",1,1,1
"com.google.common.cache.ForwardingCache.invalidateAll()",1,1,1
"com.google.common.cache.ForwardingCache.invalidateAll(Iterable<?>)",1,1,1
"com.google.common.cache.ForwardingCache.put(K,V)",1,1,1
"com.google.common.cache.ForwardingCache.putAll(Map<? extends K, ? extends V>)",1,1,1
"com.google.common.cache.ForwardingCache.size()",1,1,1
"com.google.common.cache.ForwardingCache.stats()",1,1,1
"com.google.common.cache.ForwardingLoadingCache.ForwardingLoadingCache()",1,1,1
"com.google.common.cache.ForwardingLoadingCache.SimpleForwardingLoadingCache.SimpleForwardingLoadingCache(LoadingCache<K, V>)",1,1,1
"com.google.common.cache.ForwardingLoadingCache.SimpleForwardingLoadingCache.delegate()",1,1,1
"com.google.common.cache.ForwardingLoadingCache.apply(K)",1,1,1
"com.google.common.cache.ForwardingLoadingCache.get(K)",1,1,1
"com.google.common.cache.ForwardingLoadingCache.getAll(Iterable<? extends K>)",1,1,1
"com.google.common.cache.ForwardingLoadingCache.getUnchecked(K)",1,1,1
"com.google.common.cache.ForwardingLoadingCache.refresh(K)",1,1,1
"com.google.common.cache.LocalCache.AbstractCacheSet.AbstractCacheSet(ConcurrentMap<?, ?>)",1,1,1
"com.google.common.cache.LocalCache.AbstractCacheSet.clear()",1,1,1
"com.google.common.cache.LocalCache.AbstractCacheSet.isEmpty()",1,1,1
"com.google.common.cache.LocalCache.AbstractCacheSet.size()",1,1,1
"com.google.common.cache.LocalCache.AbstractReferenceEntry.getAccessTime()",1,1,1
"com.google.common.cache.LocalCache.AbstractReferenceEntry.getHash()",1,1,1
"com.google.common.cache.LocalCache.AbstractReferenceEntry.getKey()",1,1,1
"com.google.common.cache.LocalCache.AbstractReferenceEntry.getNext()",1,1,1
"com.google.common.cache.LocalCache.AbstractReferenceEntry.getNextInAccessQueue()",1,1,1
"com.google.common.cache.LocalCache.AbstractReferenceEntry.getNextInWriteQueue()",1,1,1
"com.google.common.cache.LocalCache.AbstractReferenceEntry.getPreviousInAccessQueue()",1,1,1
"com.google.common.cache.LocalCache.AbstractReferenceEntry.getPreviousInWriteQueue()",1,1,1
"com.google.common.cache.LocalCache.AbstractReferenceEntry.getValueReference()",1,1,1
"com.google.common.cache.LocalCache.AbstractReferenceEntry.getWriteTime()",1,1,1
"com.google.common.cache.LocalCache.AbstractReferenceEntry.setAccessTime(long)",1,1,1
"com.google.common.cache.LocalCache.AbstractReferenceEntry.setNextInAccessQueue(ReferenceEntry<K, V>)",1,1,1
"com.google.common.cache.LocalCache.AbstractReferenceEntry.setNextInWriteQueue(ReferenceEntry<K, V>)",1,1,1
"com.google.common.cache.LocalCache.AbstractReferenceEntry.setPreviousInAccessQueue(ReferenceEntry<K, V>)",1,1,1
"com.google.common.cache.LocalCache.AbstractReferenceEntry.setPreviousInWriteQueue(ReferenceEntry<K, V>)",1,1,1
"com.google.common.cache.LocalCache.AbstractReferenceEntry.setValueReference(ValueReference<K, V>)",1,1,1
"com.google.common.cache.LocalCache.AbstractReferenceEntry.setWriteTime(long)",1,1,1
"com.google.common.cache.LocalCache.AccessQueue.clear()",1,2,2
"com.google.common.cache.LocalCache.AccessQueue.contains(Object)",1,1,1
"com.google.common.cache.LocalCache.AccessQueue.isEmpty()",1,1,1
"com.google.common.cache.LocalCache.AccessQueue.iterator()",1,1,2
"com.google.common.cache.LocalCache.AccessQueue.offer(ReferenceEntry<K, V>)",1,1,1
"com.google.common.cache.LocalCache.AccessQueue.peek()",1,1,2
"com.google.common.cache.LocalCache.AccessQueue.poll()",2,1,2
"com.google.common.cache.LocalCache.AccessQueue.remove(Object)",1,1,1
"com.google.common.cache.LocalCache.AccessQueue.size()",1,1,2
"com.google.common.cache.LocalCache.EntryFactory.copyAccessEntry(ReferenceEntry<K, V>,ReferenceEntry<K, V>)",1,1,1
"com.google.common.cache.LocalCache.EntryFactory.copyEntry(Segment<K, V>,ReferenceEntry<K, V>,ReferenceEntry<K, V>)",1,1,1
"com.google.common.cache.LocalCache.EntryFactory.copyWriteEntry(ReferenceEntry<K, V>,ReferenceEntry<K, V>)",1,1,1
"com.google.common.cache.LocalCache.EntryFactory.getFactory(Strength,boolean,boolean)",1,1,4
"com.google.common.cache.LocalCache.EntryIterator.next()",1,1,1
"com.google.common.cache.LocalCache.EntrySet.EntrySet(ConcurrentMap<?, ?>)",1,1,1
"com.google.common.cache.LocalCache.EntrySet.contains(Object)",3,2,4
"com.google.common.cache.LocalCache.EntrySet.iterator()",1,1,1
"com.google.common.cache.LocalCache.EntrySet.remove(Object)",2,2,3
"com.google.common.cache.LocalCache.HashIterator.HashIterator()",1,1,1
"com.google.common.cache.LocalCache.HashIterator.advance()",6,3,6
"com.google.common.cache.LocalCache.HashIterator.advanceTo(ReferenceEntry<K, V>)",2,1,2
"com.google.common.cache.LocalCache.HashIterator.hasNext()",1,1,1
"com.google.common.cache.LocalCache.HashIterator.nextEntry()",2,1,2
"com.google.common.cache.LocalCache.HashIterator.nextInChain()",4,3,4
"com.google.common.cache.LocalCache.HashIterator.nextInTable()",4,4,5
"com.google.common.cache.LocalCache.HashIterator.remove()",1,1,1
"com.google.common.cache.LocalCache.KeyIterator.next()",1,1,1
"com.google.common.cache.LocalCache.KeySet.KeySet(ConcurrentMap<?, ?>)",1,1,1
"com.google.common.cache.LocalCache.KeySet.contains(Object)",1,1,1
"com.google.common.cache.LocalCache.KeySet.iterator()",1,1,1
"com.google.common.cache.LocalCache.KeySet.remove(Object)",1,1,1
"com.google.common.cache.LocalCache.LoadingSerializationProxy.LoadingSerializationProxy(LocalCache<K, V>)",1,1,1
"com.google.common.cache.LocalCache.LoadingSerializationProxy.apply(K)",1,1,1
"com.google.common.cache.LocalCache.LoadingSerializationProxy.get(K)",1,1,1
"com.google.common.cache.LocalCache.LoadingSerializationProxy.getAll(Iterable<? extends K>)",1,1,1
"com.google.common.cache.LocalCache.LoadingSerializationProxy.getUnchecked(K)",1,1,1
"com.google.common.cache.LocalCache.LoadingSerializationProxy.readObject(ObjectInputStream)",1,1,1
"com.google.common.cache.LocalCache.LoadingSerializationProxy.readResolve()",1,1,1
"com.google.common.cache.LocalCache.LoadingSerializationProxy.refresh(K)",1,1,1
"com.google.common.cache.LocalCache.LoadingValueReference.LoadingValueReference()",1,1,1
"com.google.common.cache.LocalCache.LoadingValueReference.LoadingValueReference(ValueReference<K, V>)",1,1,1
"com.google.common.cache.LocalCache.LoadingValueReference.copyFor(ReferenceQueue<V>,V,ReferenceEntry<K, V>)",1,1,1
"com.google.common.cache.LocalCache.LoadingValueReference.elapsedNanos()",1,1,1
"com.google.common.cache.LocalCache.LoadingValueReference.fullyFailedFuture(Throwable)",1,1,1
"com.google.common.cache.LocalCache.LoadingValueReference.get()",1,1,1
"com.google.common.cache.LocalCache.LoadingValueReference.getEntry()",1,1,1
"com.google.common.cache.LocalCache.LoadingValueReference.getOldValue()",1,1,1
"com.google.common.cache.LocalCache.LoadingValueReference.getWeight()",1,1,1
"com.google.common.cache.LocalCache.LoadingValueReference.isActive()",1,1,1
"com.google.common.cache.LocalCache.LoadingValueReference.isLoading()",1,1,1
"com.google.common.cache.LocalCache.LoadingValueReference.loadFuture(K,CacheLoader<? super K, V>)",2,7,7
"com.google.common.cache.LocalCache.LoadingValueReference.notifyNewValue(V)",1,2,2
"com.google.common.cache.LocalCache.LoadingValueReference.set(V)",1,1,1
"com.google.common.cache.LocalCache.LoadingValueReference.setException(SettableFuture<?>,Throwable)",1,1,2
"com.google.common.cache.LocalCache.LoadingValueReference.setException(Throwable)",1,1,1
"com.google.common.cache.LocalCache.LoadingValueReference.waitForValue()",1,1,1
"com.google.common.cache.LocalCache.LocalCache(CacheBuilder<? super K, ? super V>,CacheLoader<? super K, V>)",1,9,13
"com.google.common.cache.LocalCache.LocalLoadingCache.LocalLoadingCache(CacheBuilder<? super K, ? super V>,CacheLoader<? super K, V>)",1,1,1
"com.google.common.cache.LocalCache.LocalLoadingCache.apply(K)",1,1,1
"com.google.common.cache.LocalCache.LocalLoadingCache.get(K)",1,1,1
"com.google.common.cache.LocalCache.LocalLoadingCache.getAll(Iterable<? extends K>)",1,1,1
"com.google.common.cache.LocalCache.LocalLoadingCache.getUnchecked(K)",1,2,2
"com.google.common.cache.LocalCache.LocalLoadingCache.refresh(K)",1,1,1
"com.google.common.cache.LocalCache.LocalLoadingCache.writeReplace()",1,1,1
"com.google.common.cache.LocalCache.LocalManualCache.LocalManualCache(CacheBuilder<? super K, ? super V>)",1,1,1
"com.google.common.cache.LocalCache.LocalManualCache.LocalManualCache(LocalCache<K, V>)",1,1,1
"com.google.common.cache.LocalCache.LocalManualCache.asMap()",1,1,1
"com.google.common.cache.LocalCache.LocalManualCache.cleanUp()",1,1,1
"com.google.common.cache.LocalCache.LocalManualCache.get(K,Callable<? extends V>)",1,1,1
"com.google.common.cache.LocalCache.LocalManualCache.getAllPresent(Iterable<?>)",1,1,1
"com.google.common.cache.LocalCache.LocalManualCache.getIfPresent(Object)",1,1,1
"com.google.common.cache.LocalCache.LocalManualCache.invalidate(Object)",1,1,1
"com.google.common.cache.LocalCache.LocalManualCache.invalidateAll()",1,1,1
"com.google.common.cache.LocalCache.LocalManualCache.invalidateAll(Iterable<?>)",1,1,1
"com.google.common.cache.LocalCache.LocalManualCache.put(K,V)",1,1,1
"com.google.common.cache.LocalCache.LocalManualCache.putAll(Map<? extends K, ? extends V>)",1,1,1
"com.google.common.cache.LocalCache.LocalManualCache.size()",1,1,1
"com.google.common.cache.LocalCache.LocalManualCache.stats()",1,2,2
"com.google.common.cache.LocalCache.LocalManualCache.writeReplace()",1,1,1
"com.google.common.cache.LocalCache.ManualSerializationProxy.ManualSerializationProxy(LocalCache<K, V>)",1,1,1
"com.google.common.cache.LocalCache.ManualSerializationProxy.ManualSerializationProxy(Strength,Strength,Equivalence<Object>,Equivalence<Object>,long,long,long,Weigher<K, V>,int,RemovalListener<? super K, ? super V>,Ticker,CacheLoader<? super K, V>)",1,2,3
"com.google.common.cache.LocalCache.ManualSerializationProxy.delegate()",1,1,1
"com.google.common.cache.LocalCache.ManualSerializationProxy.readObject(ObjectInputStream)",1,1,1
"com.google.common.cache.LocalCache.ManualSerializationProxy.readResolve()",1,1,1
"com.google.common.cache.LocalCache.ManualSerializationProxy.recreateCacheBuilder()",1,7,7
"com.google.common.cache.LocalCache.NullEntry.getAccessTime()",1,1,1
"com.google.common.cache.LocalCache.NullEntry.getHash()",1,1,1
"com.google.common.cache.LocalCache.NullEntry.getKey()",1,1,1
"com.google.common.cache.LocalCache.NullEntry.getNext()",1,1,1
"com.google.common.cache.LocalCache.NullEntry.getNextInAccessQueue()",1,1,1
"com.google.common.cache.LocalCache.NullEntry.getNextInWriteQueue()",1,1,1
"com.google.common.cache.LocalCache.NullEntry.getPreviousInAccessQueue()",1,1,1
"com.google.common.cache.LocalCache.NullEntry.getPreviousInWriteQueue()",1,1,1
"com.google.common.cache.LocalCache.NullEntry.getValueReference()",1,1,1
"com.google.common.cache.LocalCache.NullEntry.getWriteTime()",1,1,1
"com.google.common.cache.LocalCache.NullEntry.setAccessTime(long)",1,1,1
"com.google.common.cache.LocalCache.NullEntry.setNextInAccessQueue(ReferenceEntry<Object, Object>)",1,1,1
"com.google.common.cache.LocalCache.NullEntry.setNextInWriteQueue(ReferenceEntry<Object, Object>)",1,1,1
"com.google.common.cache.LocalCache.NullEntry.setPreviousInAccessQueue(ReferenceEntry<Object, Object>)",1,1,1
"com.google.common.cache.LocalCache.NullEntry.setPreviousInWriteQueue(ReferenceEntry<Object, Object>)",1,1,1
"com.google.common.cache.LocalCache.NullEntry.setValueReference(ValueReference<Object, Object>)",1,1,1
"com.google.common.cache.LocalCache.NullEntry.setWriteTime(long)",1,1,1
"com.google.common.cache.LocalCache.Segment.Segment(LocalCache<K, V>,int,long,StatsCounter)",1,4,6
"com.google.common.cache.LocalCache.Segment.cleanUp()",1,1,1
"com.google.common.cache.LocalCache.Segment.clear()",1,6,6
"com.google.common.cache.LocalCache.Segment.clearKeyReferenceQueue()",1,1,2
"com.google.common.cache.LocalCache.Segment.clearReferenceQueues()",1,3,3
"com.google.common.cache.LocalCache.Segment.clearValueReferenceQueue()",1,1,2
"com.google.common.cache.LocalCache.Segment.containsKey(Object,int)",3,2,3
"com.google.common.cache.LocalCache.Segment.containsValue(Object)",6,4,6
"com.google.common.cache.LocalCache.Segment.copyEntry(ReferenceEntry<K, V>,ReferenceEntry<K, V>)",3,2,4
"com.google.common.cache.LocalCache.Segment.drainKeyReferenceQueue()",3,2,3
"com.google.common.cache.LocalCache.Segment.drainRecencyQueue()",1,3,3
"com.google.common.cache.LocalCache.Segment.drainReferenceQueues()",1,3,3
"com.google.common.cache.LocalCache.Segment.drainValueReferenceQueue()",3,2,3
"com.google.common.cache.LocalCache.Segment.enqueueNotification(K,int,ValueReference<K, V>,RemovalCause)",1,3,3
"com.google.common.cache.LocalCache.Segment.enqueueNotification(ReferenceEntry<K, V>,RemovalCause)",1,1,1
"com.google.common.cache.LocalCache.Segment.evictEntries()",4,2,4
"com.google.common.cache.LocalCache.Segment.expand()",2,7,9
"com.google.common.cache.LocalCache.Segment.expireEntries(long)",5,5,7
"com.google.common.cache.LocalCache.Segment.get(K,int,CacheLoader<? super K, V>)",7,6,8
"com.google.common.cache.LocalCache.Segment.get(Object,int)",4,3,4
"com.google.common.cache.LocalCache.Segment.getAndRecordStats(K,int,LoadingValueReference<K, V>,ListenableFuture<V>)",2,2,3
"com.google.common.cache.LocalCache.Segment.getEntry(Object,int)",5,3,5
"com.google.common.cache.LocalCache.Segment.getFirst(int)",1,1,1
"com.google.common.cache.LocalCache.Segment.getLiveEntry(Object,int,long)",3,3,3
"com.google.common.cache.LocalCache.Segment.getLiveValue(ReferenceEntry<K, V>,long)",4,4,4
"com.google.common.cache.LocalCache.Segment.getNextEvictable()",3,2,3
"com.google.common.cache.LocalCache.Segment.initTable(AtomicReferenceArray<ReferenceEntry<K, V>>)",1,2,3
"com.google.common.cache.LocalCache.Segment.insertLoadingValueReference(K,int)",4,5,6
"com.google.common.cache.LocalCache.Segment.loadAsync(K,int,LoadingValueReference<K, V>,CacheLoader<? super K, V>)",1,2,2
"com.google.common.cache.LocalCache.Segment.loadSync(K,int,LoadingValueReference<K, V>,CacheLoader<? super K, V>)",1,1,1
"com.google.common.cache.LocalCache.Segment.lockedGetOrLoad(K,int,CacheLoader<? super K, V>)",7,11,11
"com.google.common.cache.LocalCache.Segment.newEntry(K,int,ReferenceEntry<K, V>)",1,1,1
"com.google.common.cache.LocalCache.Segment.newEntryArray(int)",1,1,1
"com.google.common.cache.LocalCache.Segment.postReadCleanup()",1,2,2
"com.google.common.cache.LocalCache.Segment.postWriteCleanup()",1,1,1
"com.google.common.cache.LocalCache.Segment.preWriteCleanup(long)",1,1,1
"com.google.common.cache.LocalCache.Segment.put(K,int,V,boolean)",5,9,9
"com.google.common.cache.LocalCache.Segment.reclaimKey(ReferenceEntry<K, V>,int)",3,3,3
"com.google.common.cache.LocalCache.Segment.reclaimValue(K,int,ValueReference<K, V>)",4,7,7
"com.google.common.cache.LocalCache.Segment.recordLockedRead(ReferenceEntry<K, V>,long)",1,2,2
"com.google.common.cache.LocalCache.Segment.recordRead(ReferenceEntry<K, V>,long)",1,2,2
"com.google.common.cache.LocalCache.Segment.recordWrite(ReferenceEntry<K, V>,int,long)",1,3,3
"com.google.common.cache.LocalCache.Segment.refresh(K,int,CacheLoader<? super K, V>)",3,2,4
"com.google.common.cache.LocalCache.Segment.remove(Object,int)",5,6,7
"com.google.common.cache.LocalCache.Segment.remove(Object,int,Object)",5,7,8
"com.google.common.cache.LocalCache.Segment.removeCollectedEntry(ReferenceEntry<K, V>)",1,1,1
"com.google.common.cache.LocalCache.Segment.removeEntry(ReferenceEntry<K, V>,int,RemovalCause)",3,3,3
"com.google.common.cache.LocalCache.Segment.removeEntryFromChain(ReferenceEntry<K, V>,ReferenceEntry<K, V>)",1,3,3
"com.google.common.cache.LocalCache.Segment.removeLoadingValue(K,int,LoadingValueReference<K, V>)",4,7,7
"com.google.common.cache.LocalCache.Segment.removeValueFromChain(ReferenceEntry<K, V>,ReferenceEntry<K, V>,K,int,ValueReference<K, V>,RemovalCause)",2,2,2
"com.google.common.cache.LocalCache.Segment.replace(K,int,V)",4,7,7
"com.google.common.cache.LocalCache.Segment.replace(K,int,V,V)",5,8,8
"com.google.common.cache.LocalCache.Segment.runLockedCleanup(long)",1,2,2
"com.google.common.cache.LocalCache.Segment.runUnlockedCleanup()",1,2,2
"com.google.common.cache.LocalCache.Segment.scheduleRefresh(ReferenceEntry<K, V>,K,int,V,long,CacheLoader<? super K, V>)",3,3,4
"com.google.common.cache.LocalCache.Segment.setValue(ReferenceEntry<K, V>,K,V,long)",1,1,1
"com.google.common.cache.LocalCache.Segment.storeLoadedValue(K,int,LoadingValueReference<K, V>,V)",4,8,11
"com.google.common.cache.LocalCache.Segment.tryDrainReferenceQueues()",1,2,2
"com.google.common.cache.LocalCache.Segment.tryExpireEntries(long)",1,2,2
"com.google.common.cache.LocalCache.Segment.waitForLoadingValue(ReferenceEntry<K, V>,K,ValueReference<K, V>)",3,1,3
"com.google.common.cache.LocalCache.SoftValueReference.SoftValueReference(ReferenceQueue<V>,V,ReferenceEntry<K, V>)",1,1,1
"com.google.common.cache.LocalCache.SoftValueReference.copyFor(ReferenceQueue<V>,V,ReferenceEntry<K, V>)",1,1,1
"com.google.common.cache.LocalCache.SoftValueReference.getEntry()",1,1,1
"com.google.common.cache.LocalCache.SoftValueReference.getWeight()",1,1,1
"com.google.common.cache.LocalCache.SoftValueReference.isActive()",1,1,1
"com.google.common.cache.LocalCache.SoftValueReference.isLoading()",1,1,1
"com.google.common.cache.LocalCache.SoftValueReference.notifyNewValue(V)",1,1,1
"com.google.common.cache.LocalCache.SoftValueReference.waitForValue()",1,1,1
"com.google.common.cache.LocalCache.StrongAccessEntry.StrongAccessEntry(K,int,ReferenceEntry<K, V>)",1,1,1
"com.google.common.cache.LocalCache.StrongAccessEntry.getAccessTime()",1,1,1
"com.google.common.cache.LocalCache.StrongAccessEntry.getNextInAccessQueue()",1,1,1
"com.google.common.cache.LocalCache.StrongAccessEntry.getPreviousInAccessQueue()",1,1,1
"com.google.common.cache.LocalCache.StrongAccessEntry.setAccessTime(long)",1,1,1
"com.google.common.cache.LocalCache.StrongAccessEntry.setNextInAccessQueue(ReferenceEntry<K, V>)",1,1,1
"com.google.common.cache.LocalCache.StrongAccessEntry.setPreviousInAccessQueue(ReferenceEntry<K, V>)",1,1,1
"com.google.common.cache.LocalCache.StrongAccessWriteEntry.StrongAccessWriteEntry(K,int,ReferenceEntry<K, V>)",1,1,1
"com.google.common.cache.LocalCache.StrongAccessWriteEntry.getAccessTime()",1,1,1
"com.google.common.cache.LocalCache.StrongAccessWriteEntry.getNextInAccessQueue()",1,1,1
"com.google.common.cache.LocalCache.StrongAccessWriteEntry.getNextInWriteQueue()",1,1,1
"com.google.common.cache.LocalCache.StrongAccessWriteEntry.getPreviousInAccessQueue()",1,1,1
"com.google.common.cache.LocalCache.StrongAccessWriteEntry.getPreviousInWriteQueue()",1,1,1
"com.google.common.cache.LocalCache.StrongAccessWriteEntry.getWriteTime()",1,1,1
"com.google.common.cache.LocalCache.StrongAccessWriteEntry.setAccessTime(long)",1,1,1
"com.google.common.cache.LocalCache.StrongAccessWriteEntry.setNextInAccessQueue(ReferenceEntry<K, V>)",1,1,1
"com.google.common.cache.LocalCache.StrongAccessWriteEntry.setNextInWriteQueue(ReferenceEntry<K, V>)",1,1,1
"com.google.common.cache.LocalCache.StrongAccessWriteEntry.setPreviousInAccessQueue(ReferenceEntry<K, V>)",1,1,1
"com.google.common.cache.LocalCache.StrongAccessWriteEntry.setPreviousInWriteQueue(ReferenceEntry<K, V>)",1,1,1
"com.google.common.cache.LocalCache.StrongAccessWriteEntry.setWriteTime(long)",1,1,1
"com.google.common.cache.LocalCache.StrongEntry.StrongEntry(K,int,ReferenceEntry<K, V>)",1,1,1
"com.google.common.cache.LocalCache.StrongEntry.getAccessTime()",1,1,1
"com.google.common.cache.LocalCache.StrongEntry.getHash()",1,1,1
"com.google.common.cache.LocalCache.StrongEntry.getKey()",1,1,1
"com.google.common.cache.LocalCache.StrongEntry.getNext()",1,1,1
"com.google.common.cache.LocalCache.StrongEntry.getNextInAccessQueue()",1,1,1
"com.google.common.cache.LocalCache.StrongEntry.getNextInWriteQueue()",1,1,1
"com.google.common.cache.LocalCache.StrongEntry.getPreviousInAccessQueue()",1,1,1
"com.google.common.cache.LocalCache.StrongEntry.getPreviousInWriteQueue()",1,1,1
"com.google.common.cache.LocalCache.StrongEntry.getValueReference()",1,1,1
"com.google.common.cache.LocalCache.StrongEntry.getWriteTime()",1,1,1
"com.google.common.cache.LocalCache.StrongEntry.setAccessTime(long)",1,1,1
"com.google.common.cache.LocalCache.StrongEntry.setNextInAccessQueue(ReferenceEntry<K, V>)",1,1,1
"com.google.common.cache.LocalCache.StrongEntry.setNextInWriteQueue(ReferenceEntry<K, V>)",1,1,1
"com.google.common.cache.LocalCache.StrongEntry.setPreviousInAccessQueue(ReferenceEntry<K, V>)",1,1,1
"com.google.common.cache.LocalCache.StrongEntry.setPreviousInWriteQueue(ReferenceEntry<K, V>)",1,1,1
"com.google.common.cache.LocalCache.StrongEntry.setValueReference(ValueReference<K, V>)",1,1,1
"com.google.common.cache.LocalCache.StrongEntry.setWriteTime(long)",1,1,1
"com.google.common.cache.LocalCache.StrongValueReference.StrongValueReference(V)",1,1,1
"com.google.common.cache.LocalCache.StrongValueReference.copyFor(ReferenceQueue<V>,V,ReferenceEntry<K, V>)",1,1,1
"com.google.common.cache.LocalCache.StrongValueReference.get()",1,1,1
"com.google.common.cache.LocalCache.StrongValueReference.getEntry()",1,1,1
"com.google.common.cache.LocalCache.StrongValueReference.getWeight()",1,1,1
"com.google.common.cache.LocalCache.StrongValueReference.isActive()",1,1,1
"com.google.common.cache.LocalCache.StrongValueReference.isLoading()",1,1,1
"com.google.common.cache.LocalCache.StrongValueReference.notifyNewValue(V)",1,1,1
"com.google.common.cache.LocalCache.StrongValueReference.waitForValue()",1,1,1
"com.google.common.cache.LocalCache.StrongWriteEntry.StrongWriteEntry(K,int,ReferenceEntry<K, V>)",1,1,1
"com.google.common.cache.LocalCache.StrongWriteEntry.getNextInWriteQueue()",1,1,1
"com.google.common.cache.LocalCache.StrongWriteEntry.getPreviousInWriteQueue()",1,1,1
"com.google.common.cache.LocalCache.StrongWriteEntry.getWriteTime()",1,1,1
"com.google.common.cache.LocalCache.StrongWriteEntry.setNextInWriteQueue(ReferenceEntry<K, V>)",1,1,1
"com.google.common.cache.LocalCache.StrongWriteEntry.setPreviousInWriteQueue(ReferenceEntry<K, V>)",1,1,1
"com.google.common.cache.LocalCache.StrongWriteEntry.setWriteTime(long)",1,1,1
"com.google.common.cache.LocalCache.ValueIterator.next()",1,1,1
"com.google.common.cache.LocalCache.Values.Values(ConcurrentMap<?, ?>)",1,1,1
"com.google.common.cache.LocalCache.Values.contains(Object)",1,1,1
"com.google.common.cache.LocalCache.Values.iterator()",1,1,1
"com.google.common.cache.LocalCache.WeakAccessEntry.WeakAccessEntry(ReferenceQueue<K>,K,int,ReferenceEntry<K, V>)",1,1,1
"com.google.common.cache.LocalCache.WeakAccessEntry.getAccessTime()",1,1,1
"com.google.common.cache.LocalCache.WeakAccessEntry.getNextInAccessQueue()",1,1,1
"com.google.common.cache.LocalCache.WeakAccessEntry.getPreviousInAccessQueue()",1,1,1
"com.google.common.cache.LocalCache.WeakAccessEntry.setAccessTime(long)",1,1,1
"com.google.common.cache.LocalCache.WeakAccessEntry.setNextInAccessQueue(ReferenceEntry<K, V>)",1,1,1
"com.google.common.cache.LocalCache.WeakAccessEntry.setPreviousInAccessQueue(ReferenceEntry<K, V>)",1,1,1
"com.google.common.cache.LocalCache.WeakAccessWriteEntry.WeakAccessWriteEntry(ReferenceQueue<K>,K,int,ReferenceEntry<K, V>)",1,1,1
"com.google.common.cache.LocalCache.WeakAccessWriteEntry.getAccessTime()",1,1,1
"com.google.common.cache.LocalCache.WeakAccessWriteEntry.getNextInAccessQueue()",1,1,1
"com.google.common.cache.LocalCache.WeakAccessWriteEntry.getNextInWriteQueue()",1,1,1
"com.google.common.cache.LocalCache.WeakAccessWriteEntry.getPreviousInAccessQueue()",1,1,1
"com.google.common.cache.LocalCache.WeakAccessWriteEntry.getPreviousInWriteQueue()",1,1,1
"com.google.common.cache.LocalCache.WeakAccessWriteEntry.getWriteTime()",1,1,1
"com.google.common.cache.LocalCache.WeakAccessWriteEntry.setAccessTime(long)",1,1,1
"com.google.common.cache.LocalCache.WeakAccessWriteEntry.setNextInAccessQueue(ReferenceEntry<K, V>)",1,1,1
"com.google.common.cache.LocalCache.WeakAccessWriteEntry.setNextInWriteQueue(ReferenceEntry<K, V>)",1,1,1
"com.google.common.cache.LocalCache.WeakAccessWriteEntry.setPreviousInAccessQueue(ReferenceEntry<K, V>)",1,1,1
"com.google.common.cache.LocalCache.WeakAccessWriteEntry.setPreviousInWriteQueue(ReferenceEntry<K, V>)",1,1,1
"com.google.common.cache.LocalCache.WeakAccessWriteEntry.setWriteTime(long)",1,1,1
"com.google.common.cache.LocalCache.WeakEntry.WeakEntry(ReferenceQueue<K>,K,int,ReferenceEntry<K, V>)",1,1,1
"com.google.common.cache.LocalCache.WeakEntry.getAccessTime()",1,1,1
"com.google.common.cache.LocalCache.WeakEntry.getHash()",1,1,1
"com.google.common.cache.LocalCache.WeakEntry.getKey()",1,1,1
"com.google.common.cache.LocalCache.WeakEntry.getNext()",1,1,1
"com.google.common.cache.LocalCache.WeakEntry.getNextInAccessQueue()",1,1,1
"com.google.common.cache.LocalCache.WeakEntry.getNextInWriteQueue()",1,1,1
"com.google.common.cache.LocalCache.WeakEntry.getPreviousInAccessQueue()",1,1,1
"com.google.common.cache.LocalCache.WeakEntry.getPreviousInWriteQueue()",1,1,1
"com.google.common.cache.LocalCache.WeakEntry.getValueReference()",1,1,1
"com.google.common.cache.LocalCache.WeakEntry.getWriteTime()",1,1,1
"com.google.common.cache.LocalCache.WeakEntry.setAccessTime(long)",1,1,1
"com.google.common.cache.LocalCache.WeakEntry.setNextInAccessQueue(ReferenceEntry<K, V>)",1,1,1
"com.google.common.cache.LocalCache.WeakEntry.setNextInWriteQueue(ReferenceEntry<K, V>)",1,1,1
"com.google.common.cache.LocalCache.WeakEntry.setPreviousInAccessQueue(ReferenceEntry<K, V>)",1,1,1
"com.google.common.cache.LocalCache.WeakEntry.setPreviousInWriteQueue(ReferenceEntry<K, V>)",1,1,1
"com.google.common.cache.LocalCache.WeakEntry.setValueReference(ValueReference<K, V>)",1,1,1
"com.google.common.cache.LocalCache.WeakEntry.setWriteTime(long)",1,1,1
"com.google.common.cache.LocalCache.WeakValueReference.WeakValueReference(ReferenceQueue<V>,V,ReferenceEntry<K, V>)",1,1,1
"com.google.common.cache.LocalCache.WeakValueReference.copyFor(ReferenceQueue<V>,V,ReferenceEntry<K, V>)",1,1,1
"com.google.common.cache.LocalCache.WeakValueReference.getEntry()",1,1,1
"com.google.common.cache.LocalCache.WeakValueReference.getWeight()",1,1,1
"com.google.common.cache.LocalCache.WeakValueReference.isActive()",1,1,1
"com.google.common.cache.LocalCache.WeakValueReference.isLoading()",1,1,1
"com.google.common.cache.LocalCache.WeakValueReference.notifyNewValue(V)",1,1,1
"com.google.common.cache.LocalCache.WeakValueReference.waitForValue()",1,1,1
"com.google.common.cache.LocalCache.WeakWriteEntry.WeakWriteEntry(ReferenceQueue<K>,K,int,ReferenceEntry<K, V>)",1,1,1
"com.google.common.cache.LocalCache.WeakWriteEntry.getNextInWriteQueue()",1,1,1
"com.google.common.cache.LocalCache.WeakWriteEntry.getPreviousInWriteQueue()",1,1,1
"com.google.common.cache.LocalCache.WeakWriteEntry.getWriteTime()",1,1,1
"com.google.common.cache.LocalCache.WeakWriteEntry.setNextInWriteQueue(ReferenceEntry<K, V>)",1,1,1
"com.google.common.cache.LocalCache.WeakWriteEntry.setPreviousInWriteQueue(ReferenceEntry<K, V>)",1,1,1
"com.google.common.cache.LocalCache.WeakWriteEntry.setWriteTime(long)",1,1,1
"com.google.common.cache.LocalCache.WeightedSoftValueReference.WeightedSoftValueReference(ReferenceQueue<V>,V,ReferenceEntry<K, V>,int)",1,1,1
"com.google.common.cache.LocalCache.WeightedSoftValueReference.copyFor(ReferenceQueue<V>,V,ReferenceEntry<K, V>)",1,1,1
"com.google.common.cache.LocalCache.WeightedSoftValueReference.getWeight()",1,1,1
"com.google.common.cache.LocalCache.WeightedStrongValueReference.WeightedStrongValueReference(V,int)",1,1,1
"com.google.common.cache.LocalCache.WeightedStrongValueReference.getWeight()",1,1,1
"com.google.common.cache.LocalCache.WeightedWeakValueReference.WeightedWeakValueReference(ReferenceQueue<V>,V,ReferenceEntry<K, V>,int)",1,1,1
"com.google.common.cache.LocalCache.WeightedWeakValueReference.copyFor(ReferenceQueue<V>,V,ReferenceEntry<K, V>)",1,1,1
"com.google.common.cache.LocalCache.WeightedWeakValueReference.getWeight()",1,1,1
"com.google.common.cache.LocalCache.WriteQueue.clear()",1,2,2
"com.google.common.cache.LocalCache.WriteQueue.contains(Object)",1,1,1
"com.google.common.cache.LocalCache.WriteQueue.isEmpty()",1,1,1
"com.google.common.cache.LocalCache.WriteQueue.iterator()",1,1,2
"com.google.common.cache.LocalCache.WriteQueue.offer(ReferenceEntry<K, V>)",1,1,1
"com.google.common.cache.LocalCache.WriteQueue.peek()",1,1,2
"com.google.common.cache.LocalCache.WriteQueue.poll()",2,1,2
"com.google.common.cache.LocalCache.WriteQueue.remove(Object)",1,1,1
"com.google.common.cache.LocalCache.WriteQueue.size()",1,1,2
"com.google.common.cache.LocalCache.WriteThroughEntry.WriteThroughEntry(K,V)",1,1,1
"com.google.common.cache.LocalCache.WriteThroughEntry.equals(Object)",2,3,3
"com.google.common.cache.LocalCache.WriteThroughEntry.getKey()",1,1,1
"com.google.common.cache.LocalCache.WriteThroughEntry.getValue()",1,1,1
"com.google.common.cache.LocalCache.WriteThroughEntry.hashCode()",1,1,1
"com.google.common.cache.LocalCache.WriteThroughEntry.setValue(V)",1,1,1
"com.google.common.cache.LocalCache.WriteThroughEntry.toString()",1,1,1
"com.google.common.cache.LocalCache.cleanUp()",1,2,2
"com.google.common.cache.LocalCache.clear()",1,2,2
"com.google.common.cache.LocalCache.connectAccessOrder(ReferenceEntry<K, V>,ReferenceEntry<K, V>)",1,1,1
"com.google.common.cache.LocalCache.connectWriteOrder(ReferenceEntry<K, V>,ReferenceEntry<K, V>)",1,1,1
"com.google.common.cache.LocalCache.containsKey(Object)",2,1,2
"com.google.common.cache.LocalCache.containsValue(Object)",8,6,9
"com.google.common.cache.LocalCache.copyEntry(ReferenceEntry<K, V>,ReferenceEntry<K, V>)",1,1,1
"com.google.common.cache.LocalCache.createSegment(int,long,StatsCounter)",1,1,1
"com.google.common.cache.LocalCache.customWeigher()",1,1,1
"com.google.common.cache.LocalCache.discardingQueue()",1,1,1
"com.google.common.cache.LocalCache.entrySet()",1,1,2
"com.google.common.cache.LocalCache.evictsBySize()",1,1,1
"com.google.common.cache.LocalCache.expires()",1,2,2
"com.google.common.cache.LocalCache.expiresAfterAccess()",1,1,1
"com.google.common.cache.LocalCache.expiresAfterWrite()",1,1,1
"com.google.common.cache.LocalCache.get(K,CacheLoader<? super K, V>)",1,1,1
"com.google.common.cache.LocalCache.get(Object)",2,1,2
"com.google.common.cache.LocalCache.getAll(Iterable<? extends K>)",4,8,9
"com.google.common.cache.LocalCache.getAllPresent(Iterable<?>)",1,3,3
"com.google.common.cache.LocalCache.getEntry(Object)",2,1,2
"com.google.common.cache.LocalCache.getIfPresent(Object)",1,2,2
"com.google.common.cache.LocalCache.getLiveValue(ReferenceEntry<K, V>,long)",4,1,4
"com.google.common.cache.LocalCache.getOrLoad(K)",1,1,1
"com.google.common.cache.LocalCache.hash(Object)",1,1,1
"com.google.common.cache.LocalCache.invalidateAll(Iterable<?>)",1,2,2
"com.google.common.cache.LocalCache.isEmpty()",7,1,7
"com.google.common.cache.LocalCache.isExpired(ReferenceEntry<K, V>,long)",3,3,5
"com.google.common.cache.LocalCache.isLive(ReferenceEntry<K, V>,long)",1,1,1
"com.google.common.cache.LocalCache.keySet()",1,1,2
"com.google.common.cache.LocalCache.loadAll(Set<? extends K>,CacheLoader<? super K, V>)",3,7,12
"com.google.common.cache.LocalCache.longSize()",1,1,2
"com.google.common.cache.LocalCache.newEntry(K,int,ReferenceEntry<K, V>)",1,1,1
"com.google.common.cache.LocalCache.newSegmentArray(int)",1,1,1
"com.google.common.cache.LocalCache.newValueReference(ReferenceEntry<K, V>,V,int)",1,1,1
"com.google.common.cache.LocalCache.nullEntry()",1,1,1
"com.google.common.cache.LocalCache.nullifyAccessOrder(ReferenceEntry<K, V>)",1,1,1
"com.google.common.cache.LocalCache.nullifyWriteOrder(ReferenceEntry<K, V>)",1,1,1
"com.google.common.cache.LocalCache.processPendingNotifications()",1,3,3
"com.google.common.cache.LocalCache.put(K,V)",1,1,1
"com.google.common.cache.LocalCache.putAll(Map<? extends K, ? extends V>)",1,2,2
"com.google.common.cache.LocalCache.putIfAbsent(K,V)",1,1,1
"com.google.common.cache.LocalCache.reclaimKey(ReferenceEntry<K, V>)",1,1,1
"com.google.common.cache.LocalCache.reclaimValue(ValueReference<K, V>)",1,1,1
"com.google.common.cache.LocalCache.recordsAccess()",1,1,1
"com.google.common.cache.LocalCache.recordsTime()",1,2,2
"com.google.common.cache.LocalCache.recordsWrite()",1,2,2
"com.google.common.cache.LocalCache.refresh(K)",1,1,1
"com.google.common.cache.LocalCache.refreshes()",1,1,1
"com.google.common.cache.LocalCache.rehash(int)",1,1,1
"com.google.common.cache.LocalCache.remove(Object)",2,1,2
"com.google.common.cache.LocalCache.remove(Object,Object)",2,1,3
"com.google.common.cache.LocalCache.replace(K,V)",1,1,1
"com.google.common.cache.LocalCache.replace(K,V,V)",2,1,2
"com.google.common.cache.LocalCache.segmentFor(int)",1,1,1
"com.google.common.cache.LocalCache.size()",1,1,1
"com.google.common.cache.LocalCache.unset()",1,1,1
"com.google.common.cache.LocalCache.usesAccessEntries()",1,2,2
"com.google.common.cache.LocalCache.usesAccessQueue()",1,2,2
"com.google.common.cache.LocalCache.usesKeyReferences()",1,1,1
"com.google.common.cache.LocalCache.usesValueReferences()",1,1,1
"com.google.common.cache.LocalCache.usesWriteEntries()",1,2,2
"com.google.common.cache.LocalCache.usesWriteQueue()",1,1,1
"com.google.common.cache.LocalCache.values()",1,1,2
"com.google.common.cache.LongAdder.LongAdder()",1,1,1
"com.google.common.cache.LongAdder.add(long)",1,7,7
"com.google.common.cache.LongAdder.decrement()",1,1,1
"com.google.common.cache.LongAdder.doubleValue()",1,1,1
"com.google.common.cache.LongAdder.floatValue()",1,1,1
"com.google.common.cache.LongAdder.fn(long,long)",1,1,1
"com.google.common.cache.LongAdder.increment()",1,1,1
"com.google.common.cache.LongAdder.intValue()",1,1,1
"com.google.common.cache.LongAdder.longValue()",1,1,1
"com.google.common.cache.LongAdder.readObject(ObjectInputStream)",1,1,1
"com.google.common.cache.LongAdder.reset()",1,1,1
"com.google.common.cache.LongAdder.sum()",1,1,4
"com.google.common.cache.LongAdder.sumThenReset()",1,1,4
"com.google.common.cache.LongAdder.toString()",1,1,1
"com.google.common.cache.LongAdder.writeObject(ObjectOutputStream)",1,1,1
"com.google.common.cache.RemovalListeners.RemovalListeners()",1,1,1
"com.google.common.cache.RemovalListeners.asynchronous(RemovalListener<K, V>,Executor)",1,1,1
"com.google.common.cache.RemovalNotification.RemovalNotification(K,V,RemovalCause)",1,1,1
"com.google.common.cache.RemovalNotification.equals(Object)",2,3,3
"com.google.common.cache.RemovalNotification.getCause()",1,1,1
"com.google.common.cache.RemovalNotification.getKey()",1,1,1
"com.google.common.cache.RemovalNotification.getValue()",1,1,1
"com.google.common.cache.RemovalNotification.hashCode()",1,3,3
"com.google.common.cache.RemovalNotification.setValue(V)",1,1,1
"com.google.common.cache.RemovalNotification.toString()",1,1,1
"com.google.common.cache.RemovalNotification.wasEvicted()",1,1,1
"com.google.common.cache.Striped64.Cell.Cell(long)",1,1,1
"com.google.common.cache.Striped64.Cell.cas(long,long)",1,1,1
"com.google.common.cache.Striped64.HashCode.HashCode()",1,1,2
"com.google.common.cache.Striped64.Striped64()",1,1,1
"com.google.common.cache.Striped64.ThreadHashCode.initialValue()",1,1,1
"com.google.common.cache.Striped64.casBase(long,long)",1,1,1
"com.google.common.cache.Striped64.casBusy()",1,1,1
"com.google.common.cache.Striped64.getUnsafe()",1,3,3
"com.google.common.cache.Striped64.internalReset(long)",1,1,4
"com.google.common.cache.Striped64.retryUpdate(long,HashCode,boolean)",15,14,27
"com.google.common.collect.AbstractBiMap.AbstractBiMap(Map<K, V>,AbstractBiMap<V, K>)",1,1,1
"com.google.common.collect.AbstractBiMap.AbstractBiMap(Map<K, V>,Map<V, K>)",1,1,1
"com.google.common.collect.AbstractBiMap.EntrySet.clear()",1,1,1
"com.google.common.collect.AbstractBiMap.EntrySet.contains(Object)",1,1,1
"com.google.common.collect.AbstractBiMap.EntrySet.containsAll(Collection<?>)",1,1,1
"com.google.common.collect.AbstractBiMap.EntrySet.delegate()",1,1,1
"com.google.common.collect.AbstractBiMap.EntrySet.iterator()",2,1,2
"com.google.common.collect.AbstractBiMap.EntrySet.remove(Object)",2,1,2
"com.google.common.collect.AbstractBiMap.EntrySet.removeAll(Collection<?>)",1,1,1
"com.google.common.collect.AbstractBiMap.EntrySet.retainAll(Collection<?>)",1,1,1
"com.google.common.collect.AbstractBiMap.EntrySet.toArray()",1,1,1
"com.google.common.collect.AbstractBiMap.EntrySet.toArray(T[])",1,1,1
"com.google.common.collect.AbstractBiMap.Inverse.Inverse(Map<K, V>,AbstractBiMap<V, K>)",1,1,1
"com.google.common.collect.AbstractBiMap.Inverse.checkKey(K)",1,1,1
"com.google.common.collect.AbstractBiMap.Inverse.checkValue(V)",1,1,1
"com.google.common.collect.AbstractBiMap.Inverse.readObject(ObjectInputStream)",1,1,1
"com.google.common.collect.AbstractBiMap.Inverse.readResolve()",1,1,1
"com.google.common.collect.AbstractBiMap.Inverse.writeObject(ObjectOutputStream)",1,1,1
"com.google.common.collect.AbstractBiMap.KeySet.clear()",1,1,1
"com.google.common.collect.AbstractBiMap.KeySet.delegate()",1,1,1
"com.google.common.collect.AbstractBiMap.KeySet.iterator()",1,1,1
"com.google.common.collect.AbstractBiMap.KeySet.remove(Object)",2,1,2
"com.google.common.collect.AbstractBiMap.KeySet.removeAll(Collection<?>)",1,1,1
"com.google.common.collect.AbstractBiMap.KeySet.retainAll(Collection<?>)",1,1,1
"com.google.common.collect.AbstractBiMap.ValueSet.delegate()",1,1,1
"com.google.common.collect.AbstractBiMap.ValueSet.iterator()",1,1,1
"com.google.common.collect.AbstractBiMap.ValueSet.toArray()",1,1,1
"com.google.common.collect.AbstractBiMap.ValueSet.toArray(T[])",1,1,1
"com.google.common.collect.AbstractBiMap.ValueSet.toString()",1,1,1
"com.google.common.collect.AbstractBiMap.checkKey(K)",1,1,1
"com.google.common.collect.AbstractBiMap.checkValue(V)",1,1,1
"com.google.common.collect.AbstractBiMap.clear()",1,1,1
"com.google.common.collect.AbstractBiMap.containsValue(Object)",1,1,1
"com.google.common.collect.AbstractBiMap.delegate()",1,1,1
"com.google.common.collect.AbstractBiMap.entrySet()",1,1,2
"com.google.common.collect.AbstractBiMap.forcePut(K,V)",1,1,1
"com.google.common.collect.AbstractBiMap.inverse()",1,1,1
"com.google.common.collect.AbstractBiMap.keySet()",1,1,2
"com.google.common.collect.AbstractBiMap.put(K,V)",1,1,1
"com.google.common.collect.AbstractBiMap.putAll(Map<? extends K, ? extends V>)",1,2,2
"com.google.common.collect.AbstractBiMap.putInBothMaps(K,V,boolean)",2,3,4
"com.google.common.collect.AbstractBiMap.remove(Object)",1,2,2
"com.google.common.collect.AbstractBiMap.removeFromBothMaps(Object)",1,1,1
"com.google.common.collect.AbstractBiMap.removeFromInverseMap(V)",1,1,1
"com.google.common.collect.AbstractBiMap.setDelegates(Map<K, V>,Map<V, K>)",1,1,1
"com.google.common.collect.AbstractBiMap.setInverse(AbstractBiMap<V, K>)",1,1,1
"com.google.common.collect.AbstractBiMap.updateInverseMap(K,boolean,V,V)",1,2,2
"com.google.common.collect.AbstractBiMap.values()",1,1,2
"com.google.common.collect.AbstractIndexedListIterator.AbstractIndexedListIterator(int)",1,1,1
"com.google.common.collect.AbstractIndexedListIterator.AbstractIndexedListIterator(int,int)",1,1,1
"com.google.common.collect.AbstractIndexedListIterator.hasNext()",1,1,1
"com.google.common.collect.AbstractIndexedListIterator.hasPrevious()",1,1,1
"com.google.common.collect.AbstractIndexedListIterator.next()",2,1,2
"com.google.common.collect.AbstractIndexedListIterator.nextIndex()",1,1,1
"com.google.common.collect.AbstractIndexedListIterator.previous()",2,1,2
"com.google.common.collect.AbstractIndexedListIterator.previousIndex()",1,1,1
"com.google.common.collect.AbstractIterator.AbstractIterator()",1,1,1
"com.google.common.collect.AbstractIterator.endOfData()",1,1,1
"com.google.common.collect.AbstractIterator.hasNext()",4,2,4
"com.google.common.collect.AbstractIterator.next()",2,1,2
"com.google.common.collect.AbstractIterator.peek()",2,1,2
"com.google.common.collect.AbstractIterator.tryToComputeNext()",2,1,2
"com.google.common.collect.AbstractListMultimap.AbstractListMultimap(Map<K, Collection<V>>)",1,1,1
"com.google.common.collect.AbstractListMultimap.asMap()",1,1,1
"com.google.common.collect.AbstractListMultimap.equals(Object)",1,1,1
"com.google.common.collect.AbstractListMultimap.get(K)",1,1,1
"com.google.common.collect.AbstractListMultimap.put(K,V)",1,1,1
"com.google.common.collect.AbstractListMultimap.removeAll(Object)",1,1,1
"com.google.common.collect.AbstractListMultimap.replaceValues(K,Iterable<? extends V>)",1,1,1
"com.google.common.collect.AbstractMapBasedMultiset.AbstractMapBasedMultiset(Map<E, Count>)",1,1,1
"com.google.common.collect.AbstractMapBasedMultiset.MapBasedElementSet.multiset()",1,1,1
"com.google.common.collect.AbstractMapBasedMultiset.MapBasedMultisetIterator.MapBasedMultisetIterator()",1,1,1
"com.google.common.collect.AbstractMapBasedMultiset.MapBasedMultisetIterator.hasNext()",1,2,2
"com.google.common.collect.AbstractMapBasedMultiset.MapBasedMultisetIterator.next()",1,2,2
"com.google.common.collect.AbstractMapBasedMultiset.MapBasedMultisetIterator.remove()",2,2,3
"com.google.common.collect.AbstractMapBasedMultiset.add(E,int)",2,3,3
"com.google.common.collect.AbstractMapBasedMultiset.clear()",1,2,2
"com.google.common.collect.AbstractMapBasedMultiset.count(Object)",1,2,4
"com.google.common.collect.AbstractMapBasedMultiset.createElementSet()",1,1,1
"com.google.common.collect.AbstractMapBasedMultiset.distinctElements()",1,1,1
"com.google.common.collect.AbstractMapBasedMultiset.entryIterator()",1,3,3
"com.google.common.collect.AbstractMapBasedMultiset.entrySet()",1,1,1
"com.google.common.collect.AbstractMapBasedMultiset.getAndSet(Count,int)",2,1,2
"com.google.common.collect.AbstractMapBasedMultiset.iterator()",1,1,1
"com.google.common.collect.AbstractMapBasedMultiset.readObjectNoData()",1,1,1
"com.google.common.collect.AbstractMapBasedMultiset.remove(Object,int)",3,3,4
"com.google.common.collect.AbstractMapBasedMultiset.setBackingMap(Map<E, Count>)",1,1,1
"com.google.common.collect.AbstractMapBasedMultiset.setCount(E,int)",1,3,3
"com.google.common.collect.AbstractMapBasedMultiset.size()",1,1,1
"com.google.common.collect.AbstractMapEntry.equals(Object)",2,3,3
"com.google.common.collect.AbstractMapEntry.hashCode()",1,3,3
"com.google.common.collect.AbstractMapEntry.setValue(V)",1,1,1
"com.google.common.collect.AbstractMapEntry.toString()",1,1,1
"com.google.common.collect.AbstractMultimap.AbstractMultimap(Map<K, Collection<V>>)",1,1,1
"com.google.common.collect.AbstractMultimap.AsMap.AsMap(Map<K, Collection<V>>)",1,1,1
"com.google.common.collect.AbstractMultimap.AsMap.AsMapEntries.contains(Object)",1,1,1
"com.google.common.collect.AbstractMultimap.AsMap.AsMapEntries.iterator()",1,1,1
"com.google.common.collect.AbstractMultimap.AsMap.AsMapEntries.map()",1,1,1
"com.google.common.collect.AbstractMultimap.AsMap.AsMapEntries.remove(Object)",2,1,2
"com.google.common.collect.AbstractMultimap.AsMap.AsMapIterator.hasNext()",1,1,1
"com.google.common.collect.AbstractMultimap.AsMap.AsMapIterator.next()",1,1,1
"com.google.common.collect.AbstractMultimap.AsMap.AsMapIterator.remove()",1,1,1
"com.google.common.collect.AbstractMultimap.AsMap.clear()",1,2,2
"com.google.common.collect.AbstractMultimap.AsMap.containsKey(Object)",1,1,1
"com.google.common.collect.AbstractMultimap.AsMap.entrySet()",1,1,2
"com.google.common.collect.AbstractMultimap.AsMap.equals(Object)",1,2,2
"com.google.common.collect.AbstractMultimap.AsMap.get(Object)",2,1,2
"com.google.common.collect.AbstractMultimap.AsMap.hashCode()",1,1,1
"com.google.common.collect.AbstractMultimap.AsMap.keySet()",1,1,1
"com.google.common.collect.AbstractMultimap.AsMap.remove(Object)",2,1,2
"com.google.common.collect.AbstractMultimap.AsMap.size()",1,1,1
"com.google.common.collect.AbstractMultimap.AsMap.toString()",1,1,1
"com.google.common.collect.AbstractMultimap.EntryIterator.EntryIterator()",1,2,2
"com.google.common.collect.AbstractMultimap.EntryIterator.findValueIteratorAndKey()",1,1,1
"com.google.common.collect.AbstractMultimap.EntryIterator.hasNext()",1,2,2
"com.google.common.collect.AbstractMultimap.EntryIterator.next()",1,2,2
"com.google.common.collect.AbstractMultimap.EntryIterator.remove()",1,2,2
"com.google.common.collect.AbstractMultimap.KeySet.KeySet(Map<K, Collection<V>>)",1,1,1
"com.google.common.collect.AbstractMultimap.KeySet.clear()",1,1,1
"com.google.common.collect.AbstractMultimap.KeySet.containsAll(Collection<?>)",1,1,1
"com.google.common.collect.AbstractMultimap.KeySet.equals(Object)",1,2,2
"com.google.common.collect.AbstractMultimap.KeySet.hashCode()",1,1,1
"com.google.common.collect.AbstractMultimap.KeySet.iterator()",1,1,1
"com.google.common.collect.AbstractMultimap.KeySet.map()",1,1,1
"com.google.common.collect.AbstractMultimap.KeySet.remove(Object)",1,2,2
"com.google.common.collect.AbstractMultimap.RandomAccessWrappedList.RandomAccessWrappedList(K,List<V>,WrappedCollection)",1,1,1
"com.google.common.collect.AbstractMultimap.SortedAsMap.SortedAsMap(SortedMap<K, Collection<V>>)",1,1,1
"com.google.common.collect.AbstractMultimap.SortedAsMap.comparator()",1,1,1
"com.google.common.collect.AbstractMultimap.SortedAsMap.firstKey()",1,1,1
"com.google.common.collect.AbstractMultimap.SortedAsMap.headMap(K)",1,1,1
"com.google.common.collect.AbstractMultimap.SortedAsMap.keySet()",1,2,2
"com.google.common.collect.AbstractMultimap.SortedAsMap.lastKey()",1,1,1
"com.google.common.collect.AbstractMultimap.SortedAsMap.sortedMap()",1,1,1
"com.google.common.collect.AbstractMultimap.SortedAsMap.subMap(K,K)",1,1,1
"com.google.common.collect.AbstractMultimap.SortedAsMap.tailMap(K)",1,1,1
"com.google.common.collect.AbstractMultimap.SortedKeySet.SortedKeySet(SortedMap<K, Collection<V>>)",1,1,1
"com.google.common.collect.AbstractMultimap.SortedKeySet.comparator()",1,1,1
"com.google.common.collect.AbstractMultimap.SortedKeySet.first()",1,1,1
"com.google.common.collect.AbstractMultimap.SortedKeySet.headSet(K)",1,1,1
"com.google.common.collect.AbstractMultimap.SortedKeySet.last()",1,1,1
"com.google.common.collect.AbstractMultimap.SortedKeySet.sortedMap()",1,1,1
"com.google.common.collect.AbstractMultimap.SortedKeySet.subSet(K,K)",1,1,1
"com.google.common.collect.AbstractMultimap.SortedKeySet.tailSet(K)",1,1,1
"com.google.common.collect.AbstractMultimap.WrappedCollection.WrappedCollection(K,Collection<V>,WrappedCollection)",1,2,2
"com.google.common.collect.AbstractMultimap.WrappedCollection.WrappedIterator.WrappedIterator()",1,1,1
"com.google.common.collect.AbstractMultimap.WrappedCollection.WrappedIterator.WrappedIterator(Iterator<V>)",1,1,1
"com.google.common.collect.AbstractMultimap.WrappedCollection.WrappedIterator.getDelegateIterator()",1,1,1
"com.google.common.collect.AbstractMultimap.WrappedCollection.WrappedIterator.hasNext()",1,1,1
"com.google.common.collect.AbstractMultimap.WrappedCollection.WrappedIterator.next()",1,1,1
"com.google.common.collect.AbstractMultimap.WrappedCollection.WrappedIterator.remove()",1,1,1
"com.google.common.collect.AbstractMultimap.WrappedCollection.WrappedIterator.validateIterator()",2,1,2
"com.google.common.collect.AbstractMultimap.WrappedCollection.add(V)",1,3,3
"com.google.common.collect.AbstractMultimap.WrappedCollection.addAll(Collection<? extends V>)",2,3,4
"com.google.common.collect.AbstractMultimap.WrappedCollection.addToMap()",1,2,2
"com.google.common.collect.AbstractMultimap.WrappedCollection.clear()",2,1,2
"com.google.common.collect.AbstractMultimap.WrappedCollection.contains(Object)",1,1,1
"com.google.common.collect.AbstractMultimap.WrappedCollection.containsAll(Collection<?>)",1,1,1
"com.google.common.collect.AbstractMultimap.WrappedCollection.equals(Object)",2,1,2
"com.google.common.collect.AbstractMultimap.WrappedCollection.getAncestor()",1,1,1
"com.google.common.collect.AbstractMultimap.WrappedCollection.getDelegate()",1,1,1
"com.google.common.collect.AbstractMultimap.WrappedCollection.getKey()",1,1,1
"com.google.common.collect.AbstractMultimap.WrappedCollection.hashCode()",1,1,1
"com.google.common.collect.AbstractMultimap.WrappedCollection.iterator()",1,1,1
"com.google.common.collect.AbstractMultimap.WrappedCollection.refreshIfEmpty()",3,3,5
"com.google.common.collect.AbstractMultimap.WrappedCollection.remove(Object)",1,2,2
"com.google.common.collect.AbstractMultimap.WrappedCollection.removeAll(Collection<?>)",2,2,3
"com.google.common.collect.AbstractMultimap.WrappedCollection.removeIfEmpty()",1,3,3
"com.google.common.collect.AbstractMultimap.WrappedCollection.retainAll(Collection<?>)",1,2,2
"com.google.common.collect.AbstractMultimap.WrappedCollection.size()",1,1,1
"com.google.common.collect.AbstractMultimap.WrappedCollection.toString()",1,1,1
"com.google.common.collect.AbstractMultimap.WrappedList.WrappedList(K,List<V>,WrappedCollection)",1,1,1
"com.google.common.collect.AbstractMultimap.WrappedList.WrappedListIterator.WrappedListIterator()",1,1,1
"com.google.common.collect.AbstractMultimap.WrappedList.WrappedListIterator.WrappedListIterator(int)",1,1,1
"com.google.common.collect.AbstractMultimap.WrappedList.WrappedListIterator.add(V)",1,2,2
"com.google.common.collect.AbstractMultimap.WrappedList.WrappedListIterator.getDelegateListIterator()",1,1,1
"com.google.common.collect.AbstractMultimap.WrappedList.WrappedListIterator.hasPrevious()",1,1,1
"com.google.common.collect.AbstractMultimap.WrappedList.WrappedListIterator.nextIndex()",1,1,1
"com.google.common.collect.AbstractMultimap.WrappedList.WrappedListIterator.previous()",1,1,1
"com.google.common.collect.AbstractMultimap.WrappedList.WrappedListIterator.previousIndex()",1,1,1
"com.google.common.collect.AbstractMultimap.WrappedList.WrappedListIterator.set(V)",1,1,1
"com.google.common.collect.AbstractMultimap.WrappedList.add(int,V)",1,2,2
"com.google.common.collect.AbstractMultimap.WrappedList.addAll(int,Collection<? extends V>)",2,3,4
"com.google.common.collect.AbstractMultimap.WrappedList.get(int)",1,1,1
"com.google.common.collect.AbstractMultimap.WrappedList.getListDelegate()",1,1,1
"com.google.common.collect.AbstractMultimap.WrappedList.indexOf(Object)",1,1,1
"com.google.common.collect.AbstractMultimap.WrappedList.lastIndexOf(Object)",1,1,1
"com.google.common.collect.AbstractMultimap.WrappedList.listIterator()",1,1,1
"com.google.common.collect.AbstractMultimap.WrappedList.listIterator(int)",1,1,1
"com.google.common.collect.AbstractMultimap.WrappedList.remove(int)",1,1,1
"com.google.common.collect.AbstractMultimap.WrappedList.set(int,V)",1,1,1
"com.google.common.collect.AbstractMultimap.WrappedList.subList(int,int)",1,2,2
"com.google.common.collect.AbstractMultimap.WrappedSet.WrappedSet(K,Set<V>)",1,1,1
"com.google.common.collect.AbstractMultimap.WrappedSet.removeAll(Collection<?>)",2,2,3
"com.google.common.collect.AbstractMultimap.WrappedSortedSet.WrappedSortedSet(K,SortedSet<V>,WrappedCollection)",1,1,1
"com.google.common.collect.AbstractMultimap.WrappedSortedSet.comparator()",1,1,1
"com.google.common.collect.AbstractMultimap.WrappedSortedSet.first()",1,1,1
"com.google.common.collect.AbstractMultimap.WrappedSortedSet.getSortedSetDelegate()",1,1,1
"com.google.common.collect.AbstractMultimap.WrappedSortedSet.headSet(V)",1,2,2
"com.google.common.collect.AbstractMultimap.WrappedSortedSet.last()",1,1,1
"com.google.common.collect.AbstractMultimap.WrappedSortedSet.subSet(V,V)",1,2,2
"com.google.common.collect.AbstractMultimap.WrappedSortedSet.tailSet(V)",1,2,2
"com.google.common.collect.AbstractMultimap.asMap()",1,2,2
"com.google.common.collect.AbstractMultimap.backingMap()",1,1,1
"com.google.common.collect.AbstractMultimap.clear()",1,2,2
"com.google.common.collect.AbstractMultimap.containsEntry(Object,Object)",1,2,2
"com.google.common.collect.AbstractMultimap.containsKey(Object)",1,1,1
"com.google.common.collect.AbstractMultimap.containsValue(Object)",3,2,3
"com.google.common.collect.AbstractMultimap.createAsMap()",1,1,2
"com.google.common.collect.AbstractMultimap.createCollection(K)",1,1,1
"com.google.common.collect.AbstractMultimap.createEntries()",2,2,2
"com.google.common.collect.AbstractMultimap.createEntryIterator()",1,1,1
"com.google.common.collect.AbstractMultimap.createKeySet()",1,1,2
"com.google.common.collect.AbstractMultimap.entries()",1,2,2
"com.google.common.collect.AbstractMultimap.equals(Object)",3,2,3
"com.google.common.collect.AbstractMultimap.get(K)",1,2,2
"com.google.common.collect.AbstractMultimap.getOrCreateCollection(K)",1,2,2
"com.google.common.collect.AbstractMultimap.hashCode()",1,1,1
"com.google.common.collect.AbstractMultimap.isEmpty()",1,1,1
"com.google.common.collect.AbstractMultimap.iteratorOrListIterator(Collection<V>)",1,2,2
"com.google.common.collect.AbstractMultimap.keySet()",1,2,2
"com.google.common.collect.AbstractMultimap.keys()",2,1,2
"com.google.common.collect.AbstractMultimap.put(K,V)",4,3,4
"com.google.common.collect.AbstractMultimap.putAll(K,Iterable<? extends V>)",2,3,4
"com.google.common.collect.AbstractMultimap.putAll(Multimap<? extends K, ? extends V>)",1,2,2
"com.google.common.collect.AbstractMultimap.remove(Object,Object)",2,3,4
"com.google.common.collect.AbstractMultimap.removeAll(Object)",1,2,2
"com.google.common.collect.AbstractMultimap.removeValuesForKey(Object)",1,2,4
"com.google.common.collect.AbstractMultimap.replaceValues(K,Iterable<? extends V>)",2,3,4
"com.google.common.collect.AbstractMultimap.setMap(Map<K, Collection<V>>)",1,2,2
"com.google.common.collect.AbstractMultimap.size()",1,1,1
"com.google.common.collect.AbstractMultimap.toString()",1,1,1
"com.google.common.collect.AbstractMultimap.unmodifiableCollectionSubclass(Collection<V>)",4,4,4
"com.google.common.collect.AbstractMultimap.values()",2,1,2
"com.google.common.collect.AbstractMultimap.wrapCollection(K,Collection<V>)",4,4,4
"com.google.common.collect.AbstractMultimap.wrapList(K,List<V>,WrappedCollection)",1,1,2
"com.google.common.collect.AbstractMultiset.ElementSet.multiset()",1,1,1
"com.google.common.collect.AbstractMultiset.EntrySet.iterator()",1,1,1
"com.google.common.collect.AbstractMultiset.EntrySet.multiset()",1,1,1
"com.google.common.collect.AbstractMultiset.EntrySet.size()",1,1,1
"com.google.common.collect.AbstractMultiset.add(E)",1,1,1
"com.google.common.collect.AbstractMultiset.add(E,int)",1,1,1
"com.google.common.collect.AbstractMultiset.addAll(Collection<? extends E>)",1,1,1
"com.google.common.collect.AbstractMultiset.clear()",1,1,1
"com.google.common.collect.AbstractMultiset.contains(Object)",1,1,1
"com.google.common.collect.AbstractMultiset.count(Object)",3,3,3
"com.google.common.collect.AbstractMultiset.createElementSet()",1,1,1
"com.google.common.collect.AbstractMultiset.createEntrySet()",1,1,1
"com.google.common.collect.AbstractMultiset.elementSet()",1,2,2
"com.google.common.collect.AbstractMultiset.entrySet()",1,2,2
"com.google.common.collect.AbstractMultiset.equals(Object)",1,1,1
"com.google.common.collect.AbstractMultiset.hashCode()",1,1,1
"com.google.common.collect.AbstractMultiset.isEmpty()",1,1,1
"com.google.common.collect.AbstractMultiset.iterator()",1,1,1
"com.google.common.collect.AbstractMultiset.remove(Object)",1,1,1
"com.google.common.collect.AbstractMultiset.remove(Object,int)",1,1,1
"com.google.common.collect.AbstractMultiset.removeAll(Collection<?>)",1,1,1
"com.google.common.collect.AbstractMultiset.retainAll(Collection<?>)",1,1,1
"com.google.common.collect.AbstractMultiset.setCount(E,int)",1,1,1
"com.google.common.collect.AbstractMultiset.setCount(E,int,int)",1,1,1
"com.google.common.collect.AbstractMultiset.size()",1,1,1
"com.google.common.collect.AbstractMultiset.toString()",1,1,1
"com.google.common.collect.AbstractSequentialIterator.AbstractSequentialIterator(T)",1,1,1
"com.google.common.collect.AbstractSequentialIterator.hasNext()",1,1,1
"com.google.common.collect.AbstractSequentialIterator.next()",2,1,2
"com.google.common.collect.AbstractSetMultimap.AbstractSetMultimap(Map<K, Collection<V>>)",1,1,1
"com.google.common.collect.AbstractSetMultimap.asMap()",1,1,1
"com.google.common.collect.AbstractSetMultimap.entries()",1,1,1
"com.google.common.collect.AbstractSetMultimap.equals(Object)",1,1,1
"com.google.common.collect.AbstractSetMultimap.get(K)",1,1,1
"com.google.common.collect.AbstractSetMultimap.put(K,V)",1,1,1
"com.google.common.collect.AbstractSetMultimap.removeAll(Object)",1,1,1
"com.google.common.collect.AbstractSetMultimap.replaceValues(K,Iterable<? extends V>)",1,1,1
"com.google.common.collect.AbstractSortedMultiset.AbstractSortedMultiset()",1,1,1
"com.google.common.collect.AbstractSortedMultiset.AbstractSortedMultiset(Comparator<? super E>)",1,1,1
"com.google.common.collect.AbstractSortedMultiset.comparator()",1,1,1
"com.google.common.collect.AbstractSortedMultiset.createDescendingMultiset()",1,1,1
"com.google.common.collect.AbstractSortedMultiset.createElementSet()",1,1,1
"com.google.common.collect.AbstractSortedMultiset.descendingIterator()",1,1,1
"com.google.common.collect.AbstractSortedMultiset.descendingMultiset()",1,2,2
"com.google.common.collect.AbstractSortedMultiset.elementSet()",1,1,1
"com.google.common.collect.AbstractSortedMultiset.firstEntry()",1,2,2
"com.google.common.collect.AbstractSortedMultiset.lastEntry()",1,2,2
"com.google.common.collect.AbstractSortedMultiset.pollFirstEntry()",2,2,2
"com.google.common.collect.AbstractSortedMultiset.pollLastEntry()",2,2,2
"com.google.common.collect.AbstractSortedMultiset.subMultiset(E,BoundType,E,BoundType)",1,1,1
"com.google.common.collect.AbstractSortedSetMultimap.AbstractSortedSetMultimap(Map<K, Collection<V>>)",1,1,1
"com.google.common.collect.AbstractSortedSetMultimap.asMap()",1,1,1
"com.google.common.collect.AbstractSortedSetMultimap.get(K)",1,1,1
"com.google.common.collect.AbstractSortedSetMultimap.removeAll(Object)",1,1,1
"com.google.common.collect.AbstractSortedSetMultimap.replaceValues(K,Iterable<? extends V>)",1,1,1
"com.google.common.collect.AbstractSortedSetMultimap.values()",1,1,1
"com.google.common.collect.AllEqualOrdering.compare(Object,Object)",1,1,1
"com.google.common.collect.AllEqualOrdering.immutableSortedCopy(Iterable<E>)",1,1,1
"com.google.common.collect.AllEqualOrdering.readResolve()",1,1,1
"com.google.common.collect.AllEqualOrdering.reverse()",1,1,1
"com.google.common.collect.AllEqualOrdering.sortedCopy(Iterable<E>)",1,1,1
"com.google.common.collect.AllEqualOrdering.toString()",1,1,1
"com.google.common.collect.AllEqualOrdering_CustomFieldSerializer.deserialize(SerializationStreamReader,AllEqualOrdering)",1,1,1
"com.google.common.collect.AllEqualOrdering_CustomFieldSerializer.instantiate(SerializationStreamReader)",1,1,1
"com.google.common.collect.AllEqualOrdering_CustomFieldSerializer.serialize(SerializationStreamWriter,AllEqualOrdering)",1,1,1
"com.google.common.collect.ArrayListMultimap.ArrayListMultimap()",1,1,1
"com.google.common.collect.ArrayListMultimap.ArrayListMultimap(Multimap<? extends K, ? extends V>)",1,1,2
"com.google.common.collect.ArrayListMultimap.ArrayListMultimap(int,int)",1,1,1
"com.google.common.collect.ArrayListMultimap.create()",1,1,1
"com.google.common.collect.ArrayListMultimap.create(Multimap<? extends K, ? extends V>)",1,1,1
"com.google.common.collect.ArrayListMultimap.create(int,int)",1,1,1
"com.google.common.collect.ArrayListMultimap.createCollection()",1,1,1
"com.google.common.collect.ArrayListMultimap.readObject(ObjectInputStream)",1,1,1
"com.google.common.collect.ArrayListMultimap.trimToSize()",1,2,2
"com.google.common.collect.ArrayListMultimap.writeObject(ObjectOutputStream)",1,1,1
"com.google.common.collect.ArrayListMultimap_CustomFieldSerializer.deserialize(SerializationStreamReader,ArrayListMultimap<?, ?>)",1,1,1
"com.google.common.collect.ArrayListMultimap_CustomFieldSerializer.instantiate(SerializationStreamReader)",1,1,1
"com.google.common.collect.ArrayListMultimap_CustomFieldSerializer.serialize(SerializationStreamWriter,ArrayListMultimap<?, ?>)",1,1,1
"com.google.common.collect.ArrayTable.ArrayMap.ArrayMap(ImmutableMap<K, Integer>)",1,1,1
"com.google.common.collect.ArrayTable.ArrayMap.clear()",1,1,1
"com.google.common.collect.ArrayTable.ArrayMap.containsKey(Object)",1,1,1
"com.google.common.collect.ArrayTable.ArrayMap.createEntrySet()",1,1,1
"com.google.common.collect.ArrayTable.ArrayMap.get(Object)",2,2,2
"com.google.common.collect.ArrayTable.ArrayMap.getKey(int)",1,1,1
"com.google.common.collect.ArrayTable.ArrayMap.isEmpty()",1,1,1
"com.google.common.collect.ArrayTable.ArrayMap.keySet()",1,1,1
"com.google.common.collect.ArrayTable.ArrayMap.put(K,V)",2,2,2
"com.google.common.collect.ArrayTable.ArrayMap.remove(Object)",1,1,1
"com.google.common.collect.ArrayTable.ArrayMap.size()",1,1,1
"com.google.common.collect.ArrayTable.ArrayTable(ArrayTable<R, C, V>)",1,2,2
"com.google.common.collect.ArrayTable.ArrayTable(Iterable<? extends R>,Iterable<? extends C>)",1,1,1
"com.google.common.collect.ArrayTable.ArrayTable(Table<R, C, V>)",1,1,1
"com.google.common.collect.ArrayTable.CellSet.contains(Object)",2,4,4
"com.google.common.collect.ArrayTable.CellSet.iterator()",1,1,1
"com.google.common.collect.ArrayTable.CellSet.size()",1,1,1
"com.google.common.collect.ArrayTable.Column.Column(int)",1,1,1
"com.google.common.collect.ArrayTable.Column.getKeyRole()",1,1,1
"com.google.common.collect.ArrayTable.Column.getValue(int)",1,1,1
"com.google.common.collect.ArrayTable.Column.setValue(int,V)",1,1,1
"com.google.common.collect.ArrayTable.ColumnMap.ColumnMap()",1,1,1
"com.google.common.collect.ArrayTable.ColumnMap.getKeyRole()",1,1,1
"com.google.common.collect.ArrayTable.ColumnMap.getValue(int)",1,1,1
"com.google.common.collect.ArrayTable.ColumnMap.put(C,Map<R, V>)",1,1,1
"com.google.common.collect.ArrayTable.ColumnMap.setValue(int,Map<R, V>)",1,1,1
"com.google.common.collect.ArrayTable.Row.Row(int)",1,1,1
"com.google.common.collect.ArrayTable.Row.getKeyRole()",1,1,1
"com.google.common.collect.ArrayTable.Row.getValue(int)",1,1,1
"com.google.common.collect.ArrayTable.Row.setValue(int,V)",1,1,1
"com.google.common.collect.ArrayTable.RowMap.RowMap()",1,1,1
"com.google.common.collect.ArrayTable.RowMap.getKeyRole()",1,1,1
"com.google.common.collect.ArrayTable.RowMap.getValue(int)",1,1,1
"com.google.common.collect.ArrayTable.RowMap.put(R,Map<C, V>)",1,1,1
"com.google.common.collect.ArrayTable.RowMap.setValue(int,Map<C, V>)",1,1,1
"com.google.common.collect.ArrayTable.Values.iterator()",1,1,1
"com.google.common.collect.ArrayTable.Values.size()",1,1,1
"com.google.common.collect.ArrayTable.at(int,int)",1,1,1
"com.google.common.collect.ArrayTable.cellSet()",1,1,2
"com.google.common.collect.ArrayTable.clear()",1,1,1
"com.google.common.collect.ArrayTable.column(C)",1,2,2
"com.google.common.collect.ArrayTable.columnKeyList()",1,1,1
"com.google.common.collect.ArrayTable.columnKeySet()",1,1,1
"com.google.common.collect.ArrayTable.columnMap()",1,1,2
"com.google.common.collect.ArrayTable.contains(Object,Object)",1,2,2
"com.google.common.collect.ArrayTable.containsColumn(Object)",1,1,1
"com.google.common.collect.ArrayTable.containsRow(Object)",1,1,1
"com.google.common.collect.ArrayTable.containsValue(Object)",4,3,4
"com.google.common.collect.ArrayTable.create(ArrayTable<R, C, V>)",1,1,1
"com.google.common.collect.ArrayTable.create(Iterable<? extends R>,Iterable<? extends C>)",1,1,1
"com.google.common.collect.ArrayTable.create(Table<R, C, V>)",1,1,1
"com.google.common.collect.ArrayTable.equals(Object)",2,2,2
"com.google.common.collect.ArrayTable.erase(Object,Object)",2,1,3
"com.google.common.collect.ArrayTable.eraseAll()",1,2,2
"com.google.common.collect.ArrayTable.get(Object,Object)",1,1,3
"com.google.common.collect.ArrayTable.hashCode()",1,1,1
"com.google.common.collect.ArrayTable.index(List<E>)",1,2,2
"com.google.common.collect.ArrayTable.isEmpty()",1,1,1
"com.google.common.collect.ArrayTable.put(R,C,V)",1,1,1
"com.google.common.collect.ArrayTable.putAll(Table<? extends R, ? extends C, ? extends V>)",1,2,2
"com.google.common.collect.ArrayTable.remove(Object,Object)",1,1,1
"com.google.common.collect.ArrayTable.row(R)",1,2,2
"com.google.common.collect.ArrayTable.rowKeyList()",1,1,1
"com.google.common.collect.ArrayTable.rowKeySet()",1,1,1
"com.google.common.collect.ArrayTable.rowMap()",1,1,2
"com.google.common.collect.ArrayTable.set(int,int,V)",1,1,1
"com.google.common.collect.ArrayTable.size()",1,1,1
"com.google.common.collect.ArrayTable.toArray(Class<V>)",1,2,2
"com.google.common.collect.ArrayTable.toString()",1,1,1
"com.google.common.collect.ArrayTable.values()",1,1,2
"com.google.common.collect.AsynchronousComputationException.AsynchronousComputationException(Throwable)",1,1,1
"com.google.common.collect.BoundType.forBoolean(boolean)",1,1,2
"com.google.common.collect.ByFunctionOrdering.ByFunctionOrdering(Function<F, ? extends T>,Ordering<T>)",1,1,1
"com.google.common.collect.ByFunctionOrdering.compare(F,F)",1,1,1
"com.google.common.collect.ByFunctionOrdering.equals(Object)",3,3,4
"com.google.common.collect.ByFunctionOrdering.hashCode()",1,1,1
"com.google.common.collect.ByFunctionOrdering.toString()",1,1,1
"com.google.common.collect.ByFunctionOrdering_CustomFieldSerializer.deserialize(SerializationStreamReader,ByFunctionOrdering<?, ?>)",1,1,1
"com.google.common.collect.ByFunctionOrdering_CustomFieldSerializer.instantiate(SerializationStreamReader)",1,1,1
"com.google.common.collect.ByFunctionOrdering_CustomFieldSerializer.serialize(SerializationStreamWriter,ByFunctionOrdering<?, ?>)",1,1,1
"com.google.common.collect.Collections2.Collections2()",1,1,1
"com.google.common.collect.Collections2.FilteredCollection.FilteredCollection(Collection<E>,Predicate<? super E>)",1,1,1
"com.google.common.collect.Collections2.FilteredCollection.add(E)",1,1,1
"com.google.common.collect.Collections2.FilteredCollection.addAll(Collection<? extends E>)",1,2,2
"com.google.common.collect.Collections2.FilteredCollection.clear()",1,1,1
"com.google.common.collect.Collections2.FilteredCollection.contains(Object)",1,2,4
"com.google.common.collect.Collections2.FilteredCollection.containsAll(Collection<?>)",3,2,3
"com.google.common.collect.Collections2.FilteredCollection.createCombined(Predicate<? super E>)",1,1,1
"com.google.common.collect.Collections2.FilteredCollection.isEmpty()",1,1,1
"com.google.common.collect.Collections2.FilteredCollection.iterator()",1,1,1
"com.google.common.collect.Collections2.FilteredCollection.remove(Object)",1,2,4
"com.google.common.collect.Collections2.FilteredCollection.removeAll(Collection<?>)",1,2,2
"com.google.common.collect.Collections2.FilteredCollection.retainAll(Collection<?>)",1,2,2
"com.google.common.collect.Collections2.FilteredCollection.size()",1,1,1
"com.google.common.collect.Collections2.FilteredCollection.toArray()",1,1,1
"com.google.common.collect.Collections2.FilteredCollection.toArray(T[])",1,1,1
"com.google.common.collect.Collections2.FilteredCollection.toString()",1,1,1
"com.google.common.collect.Collections2.OrderedPermutationCollection.OrderedPermutationCollection(Iterable<E>,Comparator<? super E>)",1,1,1
"com.google.common.collect.Collections2.OrderedPermutationCollection.calculateSize(List<E>,Comparator<? super E>)",5,3,5
"com.google.common.collect.Collections2.OrderedPermutationCollection.contains(Object)",2,2,2
"com.google.common.collect.Collections2.OrderedPermutationCollection.isEmpty()",1,1,1
"com.google.common.collect.Collections2.OrderedPermutationCollection.iterator()",1,1,1
"com.google.common.collect.Collections2.OrderedPermutationCollection.size()",1,1,1
"com.google.common.collect.Collections2.OrderedPermutationCollection.toString()",1,1,1
"com.google.common.collect.Collections2.OrderedPermutationIterator.OrderedPermutationIterator(List<E>,Comparator<? super E>)",1,1,1
"com.google.common.collect.Collections2.OrderedPermutationIterator.calculateNextPermutation()",2,1,2
"com.google.common.collect.Collections2.OrderedPermutationIterator.computeNext()",2,2,2
"com.google.common.collect.Collections2.OrderedPermutationIterator.findNextJ()",3,2,3
"com.google.common.collect.Collections2.OrderedPermutationIterator.findNextL(int)",3,2,3
"com.google.common.collect.Collections2.PermutationCollection.PermutationCollection(ImmutableList<E>)",1,1,1
"com.google.common.collect.Collections2.PermutationCollection.contains(Object)",2,2,2
"com.google.common.collect.Collections2.PermutationCollection.isEmpty()",1,1,1
"com.google.common.collect.Collections2.PermutationCollection.iterator()",1,1,1
"com.google.common.collect.Collections2.PermutationCollection.size()",1,1,1
"com.google.common.collect.Collections2.PermutationCollection.toString()",1,1,1
"com.google.common.collect.Collections2.PermutationIterator.PermutationIterator(List<E>)",1,1,2
"com.google.common.collect.Collections2.PermutationIterator.calculateNextPermutation()",6,4,6
"com.google.common.collect.Collections2.PermutationIterator.computeNext()",2,2,2
"com.google.common.collect.Collections2.PermutationIterator.switchDirection()",1,1,1
"com.google.common.collect.Collections2.TransformedCollection.TransformedCollection(Collection<F>,Function<? super F, ? extends T>)",1,1,1
"com.google.common.collect.Collections2.TransformedCollection.clear()",1,1,1
"com.google.common.collect.Collections2.TransformedCollection.isEmpty()",1,1,1
"com.google.common.collect.Collections2.TransformedCollection.iterator()",1,1,1
"com.google.common.collect.Collections2.TransformedCollection.size()",1,1,1
"com.google.common.collect.Collections2.cast(Iterable<T>)",1,1,1
"com.google.common.collect.Collections2.containsAllImpl(Collection<?>,Collection<?>)",3,2,3
"com.google.common.collect.Collections2.filter(Collection<E>,Predicate<? super E>)",2,2,2
"com.google.common.collect.Collections2.isPermutation(List<?>,List<?>)",2,1,2
"com.google.common.collect.Collections2.isPositiveInt(long)",1,1,2
"com.google.common.collect.Collections2.newStringBuilderForCollection(int)",1,1,1
"com.google.common.collect.Collections2.orderedPermutations(Iterable<E>)",1,1,1
"com.google.common.collect.Collections2.orderedPermutations(Iterable<E>,Comparator<? super E>)",1,1,1
"com.google.common.collect.Collections2.permutations(Collection<E>)",1,1,1
"com.google.common.collect.Collections2.safeContains(Collection<?>,Object)",1,1,2
"com.google.common.collect.Collections2.toStringImpl(Collection<?>)",1,1,2
"com.google.common.collect.Collections2.transform(Collection<F>,Function<? super F, T>)",1,1,1
"com.google.common.collect.ComparatorOrdering.ComparatorOrdering(Comparator<T>)",1,1,1
"com.google.common.collect.ComparatorOrdering.binarySearch(List<? extends T>,T)",1,1,1
"com.google.common.collect.ComparatorOrdering.compare(T,T)",1,1,1
"com.google.common.collect.ComparatorOrdering.equals(Object)",3,2,3
"com.google.common.collect.ComparatorOrdering.hashCode()",1,1,1
"com.google.common.collect.ComparatorOrdering.immutableSortedCopy(Iterable<E>)",1,2,2
"com.google.common.collect.ComparatorOrdering.sortedCopy(Iterable<E>)",1,1,1
"com.google.common.collect.ComparatorOrdering.toString()",1,1,1
"com.google.common.collect.ComparatorOrdering_CustomFieldSerializer.deserialize(SerializationStreamReader,ComparatorOrdering<?>)",1,1,1
"com.google.common.collect.ComparatorOrdering_CustomFieldSerializer.instantiate(SerializationStreamReader)",1,1,1
"com.google.common.collect.ComparatorOrdering_CustomFieldSerializer.serialize(SerializationStreamWriter,ComparatorOrdering<?>)",1,1,1
"com.google.common.collect.ComparisonChain.ComparisonChain()",1,1,1
"com.google.common.collect.ComparisonChain.InactiveComparisonChain.InactiveComparisonChain(int)",1,1,1
"com.google.common.collect.ComparisonChain.InactiveComparisonChain.compare(Comparable,Comparable)",1,1,1
"com.google.common.collect.ComparisonChain.InactiveComparisonChain.compare(T,T,Comparator<T>)",1,1,1
"com.google.common.collect.ComparisonChain.InactiveComparisonChain.compare(double,double)",1,1,1
"com.google.common.collect.ComparisonChain.InactiveComparisonChain.compare(float,float)",1,1,1
"com.google.common.collect.ComparisonChain.InactiveComparisonChain.compare(int,int)",1,1,1
"com.google.common.collect.ComparisonChain.InactiveComparisonChain.compare(long,long)",1,1,1
"com.google.common.collect.ComparisonChain.InactiveComparisonChain.compareFalseFirst(boolean,boolean)",1,1,1
"com.google.common.collect.ComparisonChain.InactiveComparisonChain.compareTrueFirst(boolean,boolean)",1,1,1
"com.google.common.collect.ComparisonChain.InactiveComparisonChain.result()",1,1,1
"com.google.common.collect.ComparisonChain.compare(boolean,boolean)",1,1,1
"com.google.common.collect.ComparisonChain.start()",1,1,1
"com.google.common.collect.CompoundOrdering.CompoundOrdering(Comparator<? super T>,Comparator<? super T>)",1,1,1
"com.google.common.collect.CompoundOrdering.CompoundOrdering(Iterable<? extends Comparator<? super T>>)",1,1,1
"com.google.common.collect.CompoundOrdering.compare(T,T)",3,2,3
"com.google.common.collect.CompoundOrdering.equals(Object)",3,2,3
"com.google.common.collect.CompoundOrdering.hashCode()",1,1,1
"com.google.common.collect.CompoundOrdering.toString()",1,1,1
"com.google.common.collect.CompoundOrdering_CustomFieldSerializer.deserialize(SerializationStreamReader,CompoundOrdering<?>)",1,1,1
"com.google.common.collect.CompoundOrdering_CustomFieldSerializer.instantiate(SerializationStreamReader)",1,1,1
"com.google.common.collect.CompoundOrdering_CustomFieldSerializer.serialize(SerializationStreamWriter,CompoundOrdering<?>)",1,1,1
"com.google.common.collect.ComputationException.ComputationException(Throwable)",1,1,1
"com.google.common.collect.ComputingConcurrentHashMap.ComputationExceptionReference.ComputationExceptionReference(Throwable)",1,1,1
"com.google.common.collect.ComputingConcurrentHashMap.ComputationExceptionReference.clear(ValueReference<K, V>)",1,1,1
"com.google.common.collect.ComputingConcurrentHashMap.ComputationExceptionReference.copyFor(ReferenceQueue<V>,V,ReferenceEntry<K, V>)",1,1,1
"com.google.common.collect.ComputingConcurrentHashMap.ComputationExceptionReference.get()",1,1,1
"com.google.common.collect.ComputingConcurrentHashMap.ComputationExceptionReference.getEntry()",1,1,1
"com.google.common.collect.ComputingConcurrentHashMap.ComputationExceptionReference.isComputingReference()",1,1,1
"com.google.common.collect.ComputingConcurrentHashMap.ComputationExceptionReference.waitForValue()",1,1,1
"com.google.common.collect.ComputingConcurrentHashMap.ComputedReference.ComputedReference(V)",1,1,1
"com.google.common.collect.ComputingConcurrentHashMap.ComputedReference.clear(ValueReference<K, V>)",1,1,1
"com.google.common.collect.ComputingConcurrentHashMap.ComputedReference.copyFor(ReferenceQueue<V>,V,ReferenceEntry<K, V>)",1,1,1
"com.google.common.collect.ComputingConcurrentHashMap.ComputedReference.get()",1,1,1
"com.google.common.collect.ComputingConcurrentHashMap.ComputedReference.getEntry()",1,1,1
"com.google.common.collect.ComputingConcurrentHashMap.ComputedReference.isComputingReference()",1,1,1
"com.google.common.collect.ComputingConcurrentHashMap.ComputedReference.waitForValue()",1,1,1
"com.google.common.collect.ComputingConcurrentHashMap.ComputingConcurrentHashMap(MapMaker,Function<? super K, ? extends V>)",1,1,1
"com.google.common.collect.ComputingConcurrentHashMap.ComputingSegment.ComputingSegment(MapMakerInternalMap<K, V>,int,int)",1,1,1
"com.google.common.collect.ComputingConcurrentHashMap.ComputingSegment.compute(K,int,ReferenceEntry<K, V>,ComputingValueReference<K, V>)",1,5,5
"com.google.common.collect.ComputingConcurrentHashMap.ComputingSegment.getOrCompute(K,int,Function<? super K, ? extends V>)",12,18,18
"com.google.common.collect.ComputingConcurrentHashMap.ComputingSerializationProxy.ComputingSerializationProxy(Strength,Strength,Equivalence<Object>,Equivalence<Object>,long,long,int,int,RemovalListener<? super K, ? super V>,ConcurrentMap<K, V>,Function<? super K, ? extends V>)",1,1,1
"com.google.common.collect.ComputingConcurrentHashMap.ComputingSerializationProxy.readObject(ObjectInputStream)",1,1,1
"com.google.common.collect.ComputingConcurrentHashMap.ComputingSerializationProxy.readResolve()",1,1,1
"com.google.common.collect.ComputingConcurrentHashMap.ComputingSerializationProxy.writeObject(ObjectOutputStream)",1,1,1
"com.google.common.collect.ComputingConcurrentHashMap.ComputingValueReference.ComputingValueReference(Function<? super K, ? extends V>)",1,1,1
"com.google.common.collect.ComputingConcurrentHashMap.ComputingValueReference.clear(ValueReference<K, V>)",1,1,1
"com.google.common.collect.ComputingConcurrentHashMap.ComputingValueReference.compute(K,int)",1,2,2
"com.google.common.collect.ComputingConcurrentHashMap.ComputingValueReference.copyFor(ReferenceQueue<V>,V,ReferenceEntry<K, V>)",1,1,1
"com.google.common.collect.ComputingConcurrentHashMap.ComputingValueReference.get()",1,1,1
"com.google.common.collect.ComputingConcurrentHashMap.ComputingValueReference.getEntry()",1,1,1
"com.google.common.collect.ComputingConcurrentHashMap.ComputingValueReference.isComputingReference()",1,1,1
"com.google.common.collect.ComputingConcurrentHashMap.ComputingValueReference.setValueReference(ValueReference<K, V>)",1,2,2
"com.google.common.collect.ComputingConcurrentHashMap.ComputingValueReference.waitForValue()",1,4,5
"com.google.common.collect.ComputingConcurrentHashMap.createSegment(int,int)",1,1,1
"com.google.common.collect.ComputingConcurrentHashMap.getOrCompute(K)",1,1,1
"com.google.common.collect.ComputingConcurrentHashMap.segmentFor(int)",1,1,1
"com.google.common.collect.ComputingConcurrentHashMap.writeReplace()",1,1,1
"com.google.common.collect.ConcurrentHashMultiset.ConcurrentHashMultiset(ConcurrentMap<E, AtomicInteger>)",1,1,1
"com.google.common.collect.ConcurrentHashMultiset.EntrySet.multiset()",1,1,1
"com.google.common.collect.ConcurrentHashMultiset.EntrySet.remove(Object)",3,3,3
"com.google.common.collect.ConcurrentHashMultiset.EntrySet.snapshot()",1,1,1
"com.google.common.collect.ConcurrentHashMultiset.EntrySet.toArray()",1,1,1
"com.google.common.collect.ConcurrentHashMultiset.EntrySet.toArray(T[])",1,1,1
"com.google.common.collect.ConcurrentHashMultiset.add(E,int)",9,7,11
"com.google.common.collect.ConcurrentHashMultiset.clear()",1,1,1
"com.google.common.collect.ConcurrentHashMultiset.count(Object)",1,2,2
"com.google.common.collect.ConcurrentHashMultiset.create()",1,1,1
"com.google.common.collect.ConcurrentHashMultiset.create(GenericMapMaker<? super E, ? super Number>)",1,1,1
"com.google.common.collect.ConcurrentHashMultiset.create(Iterable<? extends E>)",1,1,1
"com.google.common.collect.ConcurrentHashMultiset.createElementSet()",1,1,3
"com.google.common.collect.ConcurrentHashMultiset.distinctElements()",1,1,1
"com.google.common.collect.ConcurrentHashMultiset.entryIterator()",4,4,4
"com.google.common.collect.ConcurrentHashMultiset.entrySet()",1,1,2
"com.google.common.collect.ConcurrentHashMultiset.isEmpty()",1,1,1
"com.google.common.collect.ConcurrentHashMultiset.readObject(ObjectInputStream)",1,1,1
"com.google.common.collect.ConcurrentHashMultiset.remove(Object,int)",6,6,7
"com.google.common.collect.ConcurrentHashMultiset.removeExactly(Object,int)",6,4,7
"com.google.common.collect.ConcurrentHashMultiset.safeGet(Object)",1,1,3
"com.google.common.collect.ConcurrentHashMultiset.setCount(E,int)",10,10,12
"com.google.common.collect.ConcurrentHashMultiset.setCount(E,int,int)",8,10,10
"com.google.common.collect.ConcurrentHashMultiset.size()",1,2,2
"com.google.common.collect.ConcurrentHashMultiset.snapshot()",1,3,3
"com.google.common.collect.ConcurrentHashMultiset.toArray()",1,1,1
"com.google.common.collect.ConcurrentHashMultiset.toArray(T[])",1,1,1
"com.google.common.collect.ConcurrentHashMultiset.writeObject(ObjectOutputStream)",1,1,1
"com.google.common.collect.Constraints.ConstrainedCollection.ConstrainedCollection(Collection<E>,Constraint<? super E>)",1,1,1
"com.google.common.collect.Constraints.ConstrainedCollection.add(E)",1,1,1
"com.google.common.collect.Constraints.ConstrainedCollection.addAll(Collection<? extends E>)",1,1,1
"com.google.common.collect.Constraints.ConstrainedCollection.delegate()",1,1,1
"com.google.common.collect.Constraints.ConstrainedList.ConstrainedList(List<E>,Constraint<? super E>)",1,1,1
"com.google.common.collect.Constraints.ConstrainedList.add(E)",1,1,1
"com.google.common.collect.Constraints.ConstrainedList.add(int,E)",1,1,1
"com.google.common.collect.Constraints.ConstrainedList.addAll(Collection<? extends E>)",1,1,1
"com.google.common.collect.Constraints.ConstrainedList.addAll(int,Collection<? extends E>)",1,1,1
"com.google.common.collect.Constraints.ConstrainedList.delegate()",1,1,1
"com.google.common.collect.Constraints.ConstrainedList.listIterator()",1,1,1
"com.google.common.collect.Constraints.ConstrainedList.listIterator(int)",1,1,1
"com.google.common.collect.Constraints.ConstrainedList.set(int,E)",1,1,1
"com.google.common.collect.Constraints.ConstrainedList.subList(int,int)",1,1,1
"com.google.common.collect.Constraints.ConstrainedListIterator.ConstrainedListIterator(ListIterator<E>,Constraint<? super E>)",1,1,1
"com.google.common.collect.Constraints.ConstrainedListIterator.add(E)",1,1,1
"com.google.common.collect.Constraints.ConstrainedListIterator.delegate()",1,1,1
"com.google.common.collect.Constraints.ConstrainedListIterator.set(E)",1,1,1
"com.google.common.collect.Constraints.ConstrainedMultiset.ConstrainedMultiset(Multiset<E>,Constraint<? super E>)",1,1,1
"com.google.common.collect.Constraints.ConstrainedMultiset.add(E)",1,1,1
"com.google.common.collect.Constraints.ConstrainedMultiset.add(E,int)",1,1,1
"com.google.common.collect.Constraints.ConstrainedMultiset.addAll(Collection<? extends E>)",1,1,1
"com.google.common.collect.Constraints.ConstrainedMultiset.delegate()",1,1,1
"com.google.common.collect.Constraints.ConstrainedMultiset.setCount(E,int)",1,1,1
"com.google.common.collect.Constraints.ConstrainedMultiset.setCount(E,int,int)",1,1,1
"com.google.common.collect.Constraints.ConstrainedRandomAccessList.ConstrainedRandomAccessList(List<E>,Constraint<? super E>)",1,1,1
"com.google.common.collect.Constraints.ConstrainedSet.ConstrainedSet(Set<E>,Constraint<? super E>)",1,1,1
"com.google.common.collect.Constraints.ConstrainedSet.add(E)",1,1,1
"com.google.common.collect.Constraints.ConstrainedSet.addAll(Collection<? extends E>)",1,1,1
"com.google.common.collect.Constraints.ConstrainedSet.delegate()",1,1,1
"com.google.common.collect.Constraints.ConstrainedSortedSet.ConstrainedSortedSet(SortedSet<E>,Constraint<? super E>)",1,1,1
"com.google.common.collect.Constraints.ConstrainedSortedSet.add(E)",1,1,1
"com.google.common.collect.Constraints.ConstrainedSortedSet.addAll(Collection<? extends E>)",1,1,1
"com.google.common.collect.Constraints.ConstrainedSortedSet.delegate()",1,1,1
"com.google.common.collect.Constraints.ConstrainedSortedSet.headSet(E)",1,1,1
"com.google.common.collect.Constraints.ConstrainedSortedSet.subSet(E,E)",1,1,1
"com.google.common.collect.Constraints.ConstrainedSortedSet.tailSet(E)",1,1,1
"com.google.common.collect.Constraints.Constraints()",1,1,1
"com.google.common.collect.Constraints.NotNullConstraint.checkElement(Object)",1,1,1
"com.google.common.collect.Constraints.NotNullConstraint.toString()",1,1,1
"com.google.common.collect.Constraints.checkElements(Collection<E>,Constraint<? super E>)",1,2,2
"com.google.common.collect.Constraints.constrainedCollection(Collection<E>,Constraint<? super E>)",1,1,1
"com.google.common.collect.Constraints.constrainedList(List<E>,Constraint<? super E>)",1,1,2
"com.google.common.collect.Constraints.constrainedListIterator(ListIterator<E>,Constraint<? super E>)",1,1,1
"com.google.common.collect.Constraints.constrainedMultiset(Multiset<E>,Constraint<? super E>)",1,1,1
"com.google.common.collect.Constraints.constrainedSet(Set<E>,Constraint<? super E>)",1,1,1
"com.google.common.collect.Constraints.constrainedSortedSet(SortedSet<E>,Constraint<? super E>)",1,1,1
"com.google.common.collect.Constraints.constrainedTypePreservingCollection(Collection<E>,Constraint<E>)",4,4,4
"com.google.common.collect.Constraints.notNull()",1,1,1
"com.google.common.collect.ContiguousSet.ContiguousSet(DiscreteDomain<C>)",1,1,1
"com.google.common.collect.ContiguousSet.create(Range<C>,DiscreteDomain<C>)",1,4,6
"com.google.common.collect.ContiguousSet.headSet(C)",1,1,1
"com.google.common.collect.ContiguousSet.headSet(C,boolean)",1,1,1
"com.google.common.collect.ContiguousSet.subSet(C,C)",1,1,1
"com.google.common.collect.ContiguousSet.subSet(C,boolean,C,boolean)",1,1,1
"com.google.common.collect.ContiguousSet.tailSet(C)",1,1,1
"com.google.common.collect.ContiguousSet.tailSet(C,boolean)",1,1,1
"com.google.common.collect.ContiguousSet.toString()",1,1,1
"com.google.common.collect.Count.Count(int)",1,1,1
"com.google.common.collect.Count.addAndGet(int)",1,1,1
"com.google.common.collect.Count.equals(Object)",1,1,2
"com.google.common.collect.Count.get()",1,1,1
"com.google.common.collect.Count.getAndAdd(int)",1,1,1
"com.google.common.collect.Count.getAndSet(int)",1,1,1
"com.google.common.collect.Count.hashCode()",1,1,1
"com.google.common.collect.Count.set(int)",1,1,1
"com.google.common.collect.Count.toString()",1,1,1
"com.google.common.collect.Cut.AboveAll.AboveAll()",1,1,1
"com.google.common.collect.Cut.AboveAll.compareTo(Cut<Comparable<?>>)",1,1,2
"com.google.common.collect.Cut.AboveAll.describeAsLowerBound(StringBuilder)",1,1,1
"com.google.common.collect.Cut.AboveAll.describeAsUpperBound(StringBuilder)",1,1,1
"com.google.common.collect.Cut.AboveAll.endpoint()",1,1,1
"com.google.common.collect.Cut.AboveAll.greatestValueBelow(DiscreteDomain<Comparable<?>>)",1,1,1
"com.google.common.collect.Cut.AboveAll.isLessThan(Comparable<?>)",1,1,1
"com.google.common.collect.Cut.AboveAll.leastValueAbove(DiscreteDomain<Comparable<?>>)",1,1,1
"com.google.common.collect.Cut.AboveAll.readResolve()",1,1,1
"com.google.common.collect.Cut.AboveAll.typeAsLowerBound()",1,1,1
"com.google.common.collect.Cut.AboveAll.typeAsUpperBound()",1,1,1
"com.google.common.collect.Cut.AboveAll.withLowerBoundType(BoundType,DiscreteDomain<Comparable<?>>)",1,1,1
"com.google.common.collect.Cut.AboveAll.withUpperBoundType(BoundType,DiscreteDomain<Comparable<?>>)",1,1,1
"com.google.common.collect.Cut.AboveValue.AboveValue(C)",1,1,1
"com.google.common.collect.Cut.AboveValue.canonical(DiscreteDomain<C>)",1,2,2
"com.google.common.collect.Cut.AboveValue.describeAsLowerBound(StringBuilder)",1,1,1
"com.google.common.collect.Cut.AboveValue.describeAsUpperBound(StringBuilder)",1,1,1
"com.google.common.collect.Cut.AboveValue.greatestValueBelow(DiscreteDomain<C>)",1,1,1
"com.google.common.collect.Cut.AboveValue.hashCode()",1,1,1
"com.google.common.collect.Cut.AboveValue.isLessThan(C)",1,1,1
"com.google.common.collect.Cut.AboveValue.leastValueAbove(DiscreteDomain<C>)",1,1,1
"com.google.common.collect.Cut.AboveValue.typeAsLowerBound()",1,1,1
"com.google.common.collect.Cut.AboveValue.typeAsUpperBound()",1,1,1
"com.google.common.collect.Cut.AboveValue.withLowerBoundType(BoundType,DiscreteDomain<C>)",3,4,5
"com.google.common.collect.Cut.AboveValue.withUpperBoundType(BoundType,DiscreteDomain<C>)",3,4,5
"com.google.common.collect.Cut.BelowAll.BelowAll()",1,1,1
"com.google.common.collect.Cut.BelowAll.canonical(DiscreteDomain<Comparable<?>>)",1,1,2
"com.google.common.collect.Cut.BelowAll.compareTo(Cut<Comparable<?>>)",1,1,2
"com.google.common.collect.Cut.BelowAll.describeAsLowerBound(StringBuilder)",1,1,1
"com.google.common.collect.Cut.BelowAll.describeAsUpperBound(StringBuilder)",1,1,1
"com.google.common.collect.Cut.BelowAll.endpoint()",1,1,1
"com.google.common.collect.Cut.BelowAll.greatestValueBelow(DiscreteDomain<Comparable<?>>)",1,1,1
"com.google.common.collect.Cut.BelowAll.isLessThan(Comparable<?>)",1,1,1
"com.google.common.collect.Cut.BelowAll.leastValueAbove(DiscreteDomain<Comparable<?>>)",1,1,1
"com.google.common.collect.Cut.BelowAll.readResolve()",1,1,1
"com.google.common.collect.Cut.BelowAll.typeAsLowerBound()",1,1,1
"com.google.common.collect.Cut.BelowAll.typeAsUpperBound()",1,1,1
"com.google.common.collect.Cut.BelowAll.withLowerBoundType(BoundType,DiscreteDomain<Comparable<?>>)",1,1,1
"com.google.common.collect.Cut.BelowAll.withUpperBoundType(BoundType,DiscreteDomain<Comparable<?>>)",1,1,1
"com.google.common.collect.Cut.BelowValue.BelowValue(C)",1,1,1
"com.google.common.collect.Cut.BelowValue.describeAsLowerBound(StringBuilder)",1,1,1
"com.google.common.collect.Cut.BelowValue.describeAsUpperBound(StringBuilder)",1,1,1
"com.google.common.collect.Cut.BelowValue.greatestValueBelow(DiscreteDomain<C>)",1,1,1
"com.google.common.collect.Cut.BelowValue.hashCode()",1,1,1
"com.google.common.collect.Cut.BelowValue.isLessThan(C)",1,1,1
"com.google.common.collect.Cut.BelowValue.leastValueAbove(DiscreteDomain<C>)",1,1,1
"com.google.common.collect.Cut.BelowValue.typeAsLowerBound()",1,1,1
"com.google.common.collect.Cut.BelowValue.typeAsUpperBound()",1,1,1
"com.google.common.collect.Cut.BelowValue.withLowerBoundType(BoundType,DiscreteDomain<C>)",3,4,5
"com.google.common.collect.Cut.BelowValue.withUpperBoundType(BoundType,DiscreteDomain<C>)",3,4,5
"com.google.common.collect.Cut.Cut(C)",1,1,1
"com.google.common.collect.Cut.aboveAll()",1,1,1
"com.google.common.collect.Cut.aboveValue(C)",1,1,1
"com.google.common.collect.Cut.belowAll()",1,1,1
"com.google.common.collect.Cut.belowValue(C)",1,1,1
"com.google.common.collect.Cut.canonical(DiscreteDomain<C>)",1,1,1
"com.google.common.collect.Cut.compareTo(Cut<C>)",4,1,4
"com.google.common.collect.Cut.endpoint()",1,1,1
"com.google.common.collect.Cut.equals(Object)",2,2,3
"com.google.common.collect.DescendingImmutableSortedMultiset.DescendingImmutableSortedMultiset(ImmutableSortedMultiset<E>)",1,1,1
"com.google.common.collect.DescendingImmutableSortedMultiset.count(Object)",1,1,1
"com.google.common.collect.DescendingImmutableSortedMultiset.createEntrySet()",1,1,1
"com.google.common.collect.DescendingImmutableSortedMultiset.descendingMultiset()",1,1,1
"com.google.common.collect.DescendingImmutableSortedMultiset.elementSet()",1,1,1
"com.google.common.collect.DescendingImmutableSortedMultiset.firstEntry()",1,1,1
"com.google.common.collect.DescendingImmutableSortedMultiset.headMultiset(E,BoundType)",1,1,1
"com.google.common.collect.DescendingImmutableSortedMultiset.isPartialView()",1,1,1
"com.google.common.collect.DescendingImmutableSortedMultiset.lastEntry()",1,1,1
"com.google.common.collect.DescendingImmutableSortedMultiset.size()",1,1,1
"com.google.common.collect.DescendingImmutableSortedMultiset.tailMultiset(E,BoundType)",1,1,1
"com.google.common.collect.DiscreteDomain.DiscreteDomain()",1,1,1
"com.google.common.collect.DiscreteDomain.maxValue()",1,1,1
"com.google.common.collect.DiscreteDomain.minValue()",1,1,1
"com.google.common.collect.DiscreteDomains.BigIntegerDomain.distance(BigInteger,BigInteger)",1,1,1
"com.google.common.collect.DiscreteDomains.BigIntegerDomain.next(BigInteger)",1,1,1
"com.google.common.collect.DiscreteDomains.BigIntegerDomain.previous(BigInteger)",1,1,1
"com.google.common.collect.DiscreteDomains.BigIntegerDomain.readResolve()",1,1,1
"com.google.common.collect.DiscreteDomains.DiscreteDomains()",1,1,1
"com.google.common.collect.DiscreteDomains.IntegerDomain.distance(Integer,Integer)",1,1,1
"com.google.common.collect.DiscreteDomains.IntegerDomain.maxValue()",1,1,1
"com.google.common.collect.DiscreteDomains.IntegerDomain.minValue()",1,1,1
"com.google.common.collect.DiscreteDomains.IntegerDomain.next(Integer)",1,1,2
"com.google.common.collect.DiscreteDomains.IntegerDomain.previous(Integer)",1,1,2
"com.google.common.collect.DiscreteDomains.IntegerDomain.readResolve()",1,1,1
"com.google.common.collect.DiscreteDomains.LongDomain.distance(Long,Long)",3,1,5
"com.google.common.collect.DiscreteDomains.LongDomain.maxValue()",1,1,1
"com.google.common.collect.DiscreteDomains.LongDomain.minValue()",1,1,1
"com.google.common.collect.DiscreteDomains.LongDomain.next(Long)",1,1,2
"com.google.common.collect.DiscreteDomains.LongDomain.previous(Long)",1,1,2
"com.google.common.collect.DiscreteDomains.LongDomain.readResolve()",1,1,1
"com.google.common.collect.DiscreteDomains.bigIntegers()",1,1,1
"com.google.common.collect.DiscreteDomains.integers()",1,1,1
"com.google.common.collect.DiscreteDomains.longs()",1,1,1
"com.google.common.collect.EmptyContiguousSet.EmptyContiguousSet(DiscreteDomain<C>)",1,1,1
"com.google.common.collect.EmptyContiguousSet.SerializedForm.SerializedForm(DiscreteDomain<C>)",1,1,1
"com.google.common.collect.EmptyContiguousSet.SerializedForm.readResolve()",1,1,1
"com.google.common.collect.EmptyContiguousSet.asList()",1,1,1
"com.google.common.collect.EmptyContiguousSet.createDescendingSet()",1,1,1
"com.google.common.collect.EmptyContiguousSet.equals(Object)",2,2,2
"com.google.common.collect.EmptyContiguousSet.first()",1,1,1
"com.google.common.collect.EmptyContiguousSet.hashCode()",1,1,1
"com.google.common.collect.EmptyContiguousSet.headSetImpl(C,boolean)",1,1,1
"com.google.common.collect.EmptyContiguousSet.indexOf(Object)",1,1,1
"com.google.common.collect.EmptyContiguousSet.intersection(ContiguousSet<C>)",1,1,1
"com.google.common.collect.EmptyContiguousSet.isEmpty()",1,1,1
"com.google.common.collect.EmptyContiguousSet.isPartialView()",1,1,1
"com.google.common.collect.EmptyContiguousSet.iterator()",1,1,1
"com.google.common.collect.EmptyContiguousSet.last()",1,1,1
"com.google.common.collect.EmptyContiguousSet.range()",1,1,1
"com.google.common.collect.EmptyContiguousSet.range(BoundType,BoundType)",1,1,1
"com.google.common.collect.EmptyContiguousSet.size()",1,1,1
"com.google.common.collect.EmptyContiguousSet.subSetImpl(C,boolean,C,boolean)",1,1,1
"com.google.common.collect.EmptyContiguousSet.tailSetImpl(C,boolean)",1,1,1
"com.google.common.collect.EmptyContiguousSet.toString()",1,1,1
"com.google.common.collect.EmptyContiguousSet.writeReplace()",1,1,1
"com.google.common.collect.EmptyImmutableBiMap.EmptyImmutableBiMap()",1,1,1
"com.google.common.collect.EmptyImmutableBiMap.delegate()",1,1,1
"com.google.common.collect.EmptyImmutableBiMap.inverse()",1,1,1
"com.google.common.collect.EmptyImmutableBiMap.isPartialView()",1,1,1
"com.google.common.collect.EmptyImmutableBiMap.readResolve()",1,1,1
"com.google.common.collect.EmptyImmutableBiMap_CustomFieldSerializer.deserialize(SerializationStreamReader,EmptyImmutableBiMap)",1,1,1
"com.google.common.collect.EmptyImmutableBiMap_CustomFieldSerializer.instantiate(SerializationStreamReader)",1,1,1
"com.google.common.collect.EmptyImmutableBiMap_CustomFieldSerializer.serialize(SerializationStreamWriter,EmptyImmutableBiMap)",1,1,1
"com.google.common.collect.EmptyImmutableList.EmptyImmutableList()",1,1,1
"com.google.common.collect.EmptyImmutableList.contains(Object)",1,1,1
"com.google.common.collect.EmptyImmutableList.containsAll(Collection<?>)",1,1,1
"com.google.common.collect.EmptyImmutableList.equals(Object)",2,2,2
"com.google.common.collect.EmptyImmutableList.get(int)",1,1,1
"com.google.common.collect.EmptyImmutableList.hashCode()",1,1,1
"com.google.common.collect.EmptyImmutableList.indexOf(Object)",1,1,1
"com.google.common.collect.EmptyImmutableList.isEmpty()",1,1,1
"com.google.common.collect.EmptyImmutableList.isPartialView()",1,1,1
"com.google.common.collect.EmptyImmutableList.iterator()",1,1,1
"com.google.common.collect.EmptyImmutableList.lastIndexOf(Object)",1,1,1
"com.google.common.collect.EmptyImmutableList.listIterator()",1,1,1
"com.google.common.collect.EmptyImmutableList.listIterator(int)",1,1,1
"com.google.common.collect.EmptyImmutableList.readResolve()",1,1,1
"com.google.common.collect.EmptyImmutableList.reverse()",1,1,1
"com.google.common.collect.EmptyImmutableList.size()",1,1,1
"com.google.common.collect.EmptyImmutableList.subList(int,int)",1,1,1
"com.google.common.collect.EmptyImmutableList.toArray()",1,1,1
"com.google.common.collect.EmptyImmutableList.toArray(T[])",1,1,2
"com.google.common.collect.EmptyImmutableList.toString()",1,1,1
"com.google.common.collect.EmptyImmutableListMultimap.EmptyImmutableListMultimap()",1,1,1
"com.google.common.collect.EmptyImmutableListMultimap.readResolve()",1,1,1
"com.google.common.collect.EmptyImmutableListMultimap_CustomFieldSerializer.deserialize(SerializationStreamReader,EmptyImmutableListMultimap)",1,1,1
"com.google.common.collect.EmptyImmutableListMultimap_CustomFieldSerializer.instantiate(SerializationStreamReader)",1,1,1
"com.google.common.collect.EmptyImmutableListMultimap_CustomFieldSerializer.serialize(SerializationStreamWriter,EmptyImmutableListMultimap)",1,1,1
"com.google.common.collect.EmptyImmutableList_CustomFieldSerializer.deserialize(SerializationStreamReader,EmptyImmutableList)",1,1,1
"com.google.common.collect.EmptyImmutableList_CustomFieldSerializer.instantiate(SerializationStreamReader)",1,1,1
"com.google.common.collect.EmptyImmutableList_CustomFieldSerializer.serialize(SerializationStreamWriter,EmptyImmutableList)",1,1,1
"com.google.common.collect.EmptyImmutableMap.EmptyImmutableMap()",1,1,1
"com.google.common.collect.EmptyImmutableMap.containsKey(Object)",1,1,1
"com.google.common.collect.EmptyImmutableMap.containsValue(Object)",1,1,1
"com.google.common.collect.EmptyImmutableMap.createEntrySet()",1,1,1
"com.google.common.collect.EmptyImmutableMap.entrySet()",1,1,1
"com.google.common.collect.EmptyImmutableMap.equals(Object)",2,2,2
"com.google.common.collect.EmptyImmutableMap.get(Object)",1,1,1
"com.google.common.collect.EmptyImmutableMap.hashCode()",1,1,1
"com.google.common.collect.EmptyImmutableMap.isEmpty()",1,1,1
"com.google.common.collect.EmptyImmutableMap.isPartialView()",1,1,1
"com.google.common.collect.EmptyImmutableMap.keySet()",1,1,1
"com.google.common.collect.EmptyImmutableMap.readResolve()",1,1,1
"com.google.common.collect.EmptyImmutableMap.size()",1,1,1
"com.google.common.collect.EmptyImmutableMap.toString()",1,1,1
"com.google.common.collect.EmptyImmutableMap.values()",1,1,1
"com.google.common.collect.EmptyImmutableMap_CustomFieldSerializer.deserialize(SerializationStreamReader,EmptyImmutableMap)",1,1,1
"com.google.common.collect.EmptyImmutableMap_CustomFieldSerializer.instantiate(SerializationStreamReader)",1,1,1
"com.google.common.collect.EmptyImmutableMap_CustomFieldSerializer.serialize(SerializationStreamWriter,EmptyImmutableMap)",1,1,1
"com.google.common.collect.EmptyImmutableMultiset.asList()",1,1,1
"com.google.common.collect.EmptyImmutableMultiset.contains(Object)",1,1,1
"com.google.common.collect.EmptyImmutableMultiset.containsAll(Collection<?>)",1,1,1
"com.google.common.collect.EmptyImmutableMultiset.count(Object)",1,1,1
"com.google.common.collect.EmptyImmutableMultiset.createEntrySet()",1,1,1
"com.google.common.collect.EmptyImmutableMultiset.elementSet()",1,1,1
"com.google.common.collect.EmptyImmutableMultiset.entrySet()",1,1,1
"com.google.common.collect.EmptyImmutableMultiset.equals(Object)",2,2,2
"com.google.common.collect.EmptyImmutableMultiset.hashCode()",1,1,1
"com.google.common.collect.EmptyImmutableMultiset.isPartialView()",1,1,1
"com.google.common.collect.EmptyImmutableMultiset.iterator()",1,1,1
"com.google.common.collect.EmptyImmutableMultiset.readResolve()",1,1,1
"com.google.common.collect.EmptyImmutableMultiset.size()",1,1,1
"com.google.common.collect.EmptyImmutableMultiset.toArray()",1,1,1
"com.google.common.collect.EmptyImmutableMultiset.toArray(T[])",1,1,1
"com.google.common.collect.EmptyImmutableMultiset_CustomFieldSerializer.deserialize(SerializationStreamReader,EmptyImmutableMultiset)",1,1,1
"com.google.common.collect.EmptyImmutableMultiset_CustomFieldSerializer.instantiate(SerializationStreamReader)",1,1,1
"com.google.common.collect.EmptyImmutableMultiset_CustomFieldSerializer.serialize(SerializationStreamWriter,EmptyImmutableMultiset)",1,1,1
"com.google.common.collect.EmptyImmutableSet.EmptyImmutableSet()",1,1,1
"com.google.common.collect.EmptyImmutableSet.asList()",1,1,1
"com.google.common.collect.EmptyImmutableSet.contains(Object)",1,1,1
"com.google.common.collect.EmptyImmutableSet.containsAll(Collection<?>)",1,1,1
"com.google.common.collect.EmptyImmutableSet.equals(Object)",2,2,2
"com.google.common.collect.EmptyImmutableSet.hashCode()",1,1,1
"com.google.common.collect.EmptyImmutableSet.isEmpty()",1,1,1
"com.google.common.collect.EmptyImmutableSet.isHashCodeFast()",1,1,1
"com.google.common.collect.EmptyImmutableSet.isPartialView()",1,1,1
"com.google.common.collect.EmptyImmutableSet.iterator()",1,1,1
"com.google.common.collect.EmptyImmutableSet.readResolve()",1,1,1
"com.google.common.collect.EmptyImmutableSet.size()",1,1,1
"com.google.common.collect.EmptyImmutableSet.toArray()",1,1,1
"com.google.common.collect.EmptyImmutableSet.toArray(T[])",1,1,1
"com.google.common.collect.EmptyImmutableSet.toString()",1,1,1
"com.google.common.collect.EmptyImmutableSetMultimap.EmptyImmutableSetMultimap()",1,1,1
"com.google.common.collect.EmptyImmutableSetMultimap.readResolve()",1,1,1
"com.google.common.collect.EmptyImmutableSetMultimap_CustomFieldSerializer.deserialize(SerializationStreamReader,EmptyImmutableSetMultimap)",1,1,1
"com.google.common.collect.EmptyImmutableSetMultimap_CustomFieldSerializer.instantiate(SerializationStreamReader)",1,1,1
"com.google.common.collect.EmptyImmutableSetMultimap_CustomFieldSerializer.serialize(SerializationStreamWriter,EmptyImmutableSetMultimap)",1,1,1
"com.google.common.collect.EmptyImmutableSet_CustomFieldSerializer.deserialize(SerializationStreamReader,EmptyImmutableSet)",1,1,1
"com.google.common.collect.EmptyImmutableSet_CustomFieldSerializer.instantiate(SerializationStreamReader)",1,1,1
"com.google.common.collect.EmptyImmutableSet_CustomFieldSerializer.serialize(SerializationStreamWriter,EmptyImmutableSet)",1,1,1
"com.google.common.collect.EmptyImmutableSortedMap.EmptyImmutableSortedMap(Comparator<? super K>)",1,1,1
"com.google.common.collect.EmptyImmutableSortedMap.EmptyImmutableSortedMap(Comparator<? super K>,ImmutableSortedMap<K, V>)",1,1,1
"com.google.common.collect.EmptyImmutableSortedMap.createDescendingMap()",1,1,1
"com.google.common.collect.EmptyImmutableSortedMap.createEntrySet()",1,1,1
"com.google.common.collect.EmptyImmutableSortedMap.entrySet()",1,1,1
"com.google.common.collect.EmptyImmutableSortedMap.equals(Object)",2,2,2
"com.google.common.collect.EmptyImmutableSortedMap.get(Object)",1,1,1
"com.google.common.collect.EmptyImmutableSortedMap.hashCode()",1,1,1
"com.google.common.collect.EmptyImmutableSortedMap.headMap(K,boolean)",1,1,1
"com.google.common.collect.EmptyImmutableSortedMap.isEmpty()",1,1,1
"com.google.common.collect.EmptyImmutableSortedMap.isPartialView()",1,1,1
"com.google.common.collect.EmptyImmutableSortedMap.keySet()",1,1,1
"com.google.common.collect.EmptyImmutableSortedMap.size()",1,1,1
"com.google.common.collect.EmptyImmutableSortedMap.tailMap(K,boolean)",1,1,1
"com.google.common.collect.EmptyImmutableSortedMap.toString()",1,1,1
"com.google.common.collect.EmptyImmutableSortedMap.values()",1,1,1
"com.google.common.collect.EmptyImmutableSortedMap_CustomFieldSerializer.deserialize(SerializationStreamReader,EmptyImmutableSortedMap<?, ?>)",1,1,1
"com.google.common.collect.EmptyImmutableSortedMap_CustomFieldSerializer.instantiate(SerializationStreamReader)",1,1,1
"com.google.common.collect.EmptyImmutableSortedMap_CustomFieldSerializer.serialize(SerializationStreamWriter,EmptyImmutableSortedMap<?, ?>)",1,1,1
"com.google.common.collect.EmptyImmutableSortedMultiset.EmptyImmutableSortedMultiset(Comparator<? super E>)",1,1,1
"com.google.common.collect.EmptyImmutableSortedMultiset.asList()",1,1,1
"com.google.common.collect.EmptyImmutableSortedMultiset.contains(Object)",1,1,1
"com.google.common.collect.EmptyImmutableSortedMultiset.containsAll(Collection<?>)",1,1,1
"com.google.common.collect.EmptyImmutableSortedMultiset.count(Object)",1,1,1
"com.google.common.collect.EmptyImmutableSortedMultiset.createEntrySet()",1,1,1
"com.google.common.collect.EmptyImmutableSortedMultiset.elementSet()",1,1,1
"com.google.common.collect.EmptyImmutableSortedMultiset.entrySet()",1,1,1
"com.google.common.collect.EmptyImmutableSortedMultiset.equals(Object)",2,2,2
"com.google.common.collect.EmptyImmutableSortedMultiset.firstEntry()",1,1,1
"com.google.common.collect.EmptyImmutableSortedMultiset.hashCode()",1,1,1
"com.google.common.collect.EmptyImmutableSortedMultiset.headMultiset(E,BoundType)",1,1,1
"com.google.common.collect.EmptyImmutableSortedMultiset.isPartialView()",1,1,1
"com.google.common.collect.EmptyImmutableSortedMultiset.iterator()",1,1,1
"com.google.common.collect.EmptyImmutableSortedMultiset.lastEntry()",1,1,1
"com.google.common.collect.EmptyImmutableSortedMultiset.size()",1,1,1
"com.google.common.collect.EmptyImmutableSortedMultiset.tailMultiset(E,BoundType)",1,1,1
"com.google.common.collect.EmptyImmutableSortedMultiset.toArray()",1,1,1
"com.google.common.collect.EmptyImmutableSortedMultiset.toArray(T[])",1,1,1
"com.google.common.collect.EmptyImmutableSortedMultiset.toString()",1,1,1
"com.google.common.collect.EmptyImmutableSortedSet.EmptyImmutableSortedSet(Comparator<? super E>)",1,1,1
"com.google.common.collect.EmptyImmutableSortedSet.asList()",1,1,1
"com.google.common.collect.EmptyImmutableSortedSet.contains(Object)",1,1,1
"com.google.common.collect.EmptyImmutableSortedSet.containsAll(Collection<?>)",1,1,1
"com.google.common.collect.EmptyImmutableSortedSet.createDescendingSet()",1,1,1
"com.google.common.collect.EmptyImmutableSortedSet.equals(Object)",2,2,2
"com.google.common.collect.EmptyImmutableSortedSet.first()",1,1,1
"com.google.common.collect.EmptyImmutableSortedSet.hashCode()",1,1,1
"com.google.common.collect.EmptyImmutableSortedSet.headSetImpl(E,boolean)",1,1,1
"com.google.common.collect.EmptyImmutableSortedSet.indexOf(Object)",1,1,1
"com.google.common.collect.EmptyImmutableSortedSet.isEmpty()",1,1,1
"com.google.common.collect.EmptyImmutableSortedSet.isPartialView()",1,1,1
"com.google.common.collect.EmptyImmutableSortedSet.iterator()",1,1,1
"com.google.common.collect.EmptyImmutableSortedSet.last()",1,1,1
"com.google.common.collect.EmptyImmutableSortedSet.size()",1,1,1
"com.google.common.collect.EmptyImmutableSortedSet.subSetImpl(E,boolean,E,boolean)",1,1,1
"com.google.common.collect.EmptyImmutableSortedSet.tailSetImpl(E,boolean)",1,1,1
"com.google.common.collect.EmptyImmutableSortedSet.toArray()",1,1,1
"com.google.common.collect.EmptyImmutableSortedSet.toArray(T[])",1,1,1
"com.google.common.collect.EmptyImmutableSortedSet.toString()",1,1,1
"com.google.common.collect.EmptyImmutableSortedSet_CustomFieldSerializer.deserialize(SerializationStreamReader,EmptyImmutableSortedSet<?>)",1,1,1
"com.google.common.collect.EmptyImmutableSortedSet_CustomFieldSerializer.instantiate(SerializationStreamReader)",1,1,1
"com.google.common.collect.EmptyImmutableSortedSet_CustomFieldSerializer.serialize(SerializationStreamWriter,EmptyImmutableSortedSet<?>)",1,1,1
"com.google.common.collect.EmptyImmutableTable.EmptyImmutableTable()",1,1,1
"com.google.common.collect.EmptyImmutableTable.cellSet()",1,1,1
"com.google.common.collect.EmptyImmutableTable.column(Object)",1,1,1
"com.google.common.collect.EmptyImmutableTable.columnKeySet()",1,1,1
"com.google.common.collect.EmptyImmutableTable.columnMap()",1,1,1
"com.google.common.collect.EmptyImmutableTable.contains(Object,Object)",1,1,1
"com.google.common.collect.EmptyImmutableTable.containsColumn(Object)",1,1,1
"com.google.common.collect.EmptyImmutableTable.containsRow(Object)",1,1,1
"com.google.common.collect.EmptyImmutableTable.containsValue(Object)",1,1,1
"com.google.common.collect.EmptyImmutableTable.equals(Object)",3,3,3
"com.google.common.collect.EmptyImmutableTable.get(Object,Object)",1,1,1
"com.google.common.collect.EmptyImmutableTable.hashCode()",1,1,1
"com.google.common.collect.EmptyImmutableTable.isEmpty()",1,1,1
"com.google.common.collect.EmptyImmutableTable.readResolve()",1,1,1
"com.google.common.collect.EmptyImmutableTable.row(Object)",1,1,1
"com.google.common.collect.EmptyImmutableTable.rowKeySet()",1,1,1
"com.google.common.collect.EmptyImmutableTable.rowMap()",1,1,1
"com.google.common.collect.EmptyImmutableTable.size()",1,1,1
"com.google.common.collect.EmptyImmutableTable.toString()",1,1,1
"com.google.common.collect.EmptyImmutableTable.values()",1,1,1
"com.google.common.collect.EnumBiMap.EnumBiMap(Class<K>,Class<V>)",1,1,1
"com.google.common.collect.EnumBiMap.checkKey(K)",1,1,1
"com.google.common.collect.EnumBiMap.checkValue(V)",1,1,1
"com.google.common.collect.EnumBiMap.create(Class<K>,Class<V>)",1,1,1
"com.google.common.collect.EnumBiMap.create(Map<K, V>)",1,1,1
"com.google.common.collect.EnumBiMap.inferKeyType(Map<K, ?>)",3,3,3
"com.google.common.collect.EnumBiMap.inferValueType(Map<?, V>)",2,1,2
"com.google.common.collect.EnumBiMap.keyType()",1,1,1
"com.google.common.collect.EnumBiMap.readObject(ObjectInputStream)",1,1,1
"com.google.common.collect.EnumBiMap.valueType()",1,1,1
"com.google.common.collect.EnumBiMap.writeObject(ObjectOutputStream)",1,1,1
"com.google.common.collect.EnumHashBiMap.EnumHashBiMap(Class<K>)",1,1,1
"com.google.common.collect.EnumHashBiMap.checkKey(K)",1,1,1
"com.google.common.collect.EnumHashBiMap.create(Class<K>)",1,1,1
"com.google.common.collect.EnumHashBiMap.create(Map<K, ? extends V>)",1,1,1
"com.google.common.collect.EnumHashBiMap.forcePut(K,V)",1,1,1
"com.google.common.collect.EnumHashBiMap.keyType()",1,1,1
"com.google.common.collect.EnumHashBiMap.put(K,V)",1,1,1
"com.google.common.collect.EnumHashBiMap.readObject(ObjectInputStream)",1,1,1
"com.google.common.collect.EnumHashBiMap.writeObject(ObjectOutputStream)",1,1,1
"com.google.common.collect.EnumMultiset.EnumMultiset(Class<E>)",1,1,1
"com.google.common.collect.EnumMultiset.create(Class<E>)",1,1,1
"com.google.common.collect.EnumMultiset.create(Iterable<E>)",1,1,1
"com.google.common.collect.EnumMultiset.readObject(ObjectInputStream)",1,1,1
"com.google.common.collect.EnumMultiset.writeObject(ObjectOutputStream)",1,1,1
"com.google.common.collect.ExplicitOrdering.ExplicitOrdering(ImmutableMap<T, Integer>)",1,1,1
"com.google.common.collect.ExplicitOrdering.ExplicitOrdering(List<T>)",1,1,1
"com.google.common.collect.ExplicitOrdering.buildRankMap(List<T>)",1,2,2
"com.google.common.collect.ExplicitOrdering.compare(T,T)",1,1,1
"com.google.common.collect.ExplicitOrdering.equals(Object)",2,2,2
"com.google.common.collect.ExplicitOrdering.hashCode()",1,1,1
"com.google.common.collect.ExplicitOrdering.rank(T)",2,1,2
"com.google.common.collect.ExplicitOrdering.toString()",1,1,1
"com.google.common.collect.ExplicitOrdering_CustomFieldSerializer.deserialize(SerializationStreamReader,ExplicitOrdering<?>)",1,1,1
"com.google.common.collect.ExplicitOrdering_CustomFieldSerializer.instantiate(SerializationStreamReader)",1,1,1
"com.google.common.collect.ExplicitOrdering_CustomFieldSerializer.serialize(SerializationStreamWriter,ExplicitOrdering<?>)",1,1,1
"com.google.common.collect.FluentIterable.FluentIterable()",1,1,1
"com.google.common.collect.FluentIterable.FluentIterable(Iterable<E>)",1,1,1
"com.google.common.collect.FluentIterable.FromIterableFunction.apply(Iterable<E>)",1,1,1
"com.google.common.collect.FluentIterable.allMatch(Predicate<? super E>)",1,1,1
"com.google.common.collect.FluentIterable.anyMatch(Predicate<? super E>)",1,1,1
"com.google.common.collect.FluentIterable.contains(Object)",1,1,1
"com.google.common.collect.FluentIterable.copyInto(C)",1,3,3
"com.google.common.collect.FluentIterable.cycle()",1,1,1
"com.google.common.collect.FluentIterable.filter(Class<T>)",1,1,1
"com.google.common.collect.FluentIterable.filter(Predicate<? super E>)",1,1,1
"com.google.common.collect.FluentIterable.first()",1,2,2
"com.google.common.collect.FluentIterable.firstMatch(Predicate<? super E>)",1,1,1
"com.google.common.collect.FluentIterable.from(FluentIterable<E>)",1,1,1
"com.google.common.collect.FluentIterable.from(Iterable<E>)",1,2,2
"com.google.common.collect.FluentIterable.get(int)",1,1,1
"com.google.common.collect.FluentIterable.isEmpty()",1,1,1
"com.google.common.collect.FluentIterable.last()",7,7,7
"com.google.common.collect.FluentIterable.limit(int)",1,1,1
"com.google.common.collect.FluentIterable.size()",1,1,1
"com.google.common.collect.FluentIterable.skip(int)",1,1,1
"com.google.common.collect.FluentIterable.toArray(Class<E>)",1,1,1
"com.google.common.collect.FluentIterable.toImmutableList()",1,1,1
"com.google.common.collect.FluentIterable.toImmutableSet()",1,1,1
"com.google.common.collect.FluentIterable.toImmutableSortedSet(Comparator<? super E>)",1,1,1
"com.google.common.collect.FluentIterable.toList()",1,1,1
"com.google.common.collect.FluentIterable.toSet()",1,1,1
"com.google.common.collect.FluentIterable.toSortedImmutableList(Comparator<? super E>)",1,1,1
"com.google.common.collect.FluentIterable.toSortedList(Comparator<? super E>)",1,1,1
"com.google.common.collect.FluentIterable.toSortedSet(Comparator<? super E>)",1,1,1
"com.google.common.collect.FluentIterable.toString()",1,1,1
"com.google.common.collect.FluentIterable.transform(Function<? super E, T>)",1,1,1
"com.google.common.collect.FluentIterable.transformAndConcat(Function<? super E, ? extends Iterable<T>>)",1,1,1
"com.google.common.collect.ForwardingCollection.ForwardingCollection()",1,1,1
"com.google.common.collect.ForwardingCollection.add(E)",1,1,1
"com.google.common.collect.ForwardingCollection.addAll(Collection<? extends E>)",1,1,1
"com.google.common.collect.ForwardingCollection.clear()",1,1,1
"com.google.common.collect.ForwardingCollection.contains(Object)",1,1,1
"com.google.common.collect.ForwardingCollection.containsAll(Collection<?>)",1,1,1
"com.google.common.collect.ForwardingCollection.isEmpty()",1,1,1
"com.google.common.collect.ForwardingCollection.iterator()",1,1,1
"com.google.common.collect.ForwardingCollection.remove(Object)",1,1,1
"com.google.common.collect.ForwardingCollection.removeAll(Collection<?>)",1,1,1
"com.google.common.collect.ForwardingCollection.retainAll(Collection<?>)",1,1,1
"com.google.common.collect.ForwardingCollection.size()",1,1,1
"com.google.common.collect.ForwardingCollection.standardAddAll(Collection<? extends E>)",1,1,1
"com.google.common.collect.ForwardingCollection.standardClear()",1,2,2
"com.google.common.collect.ForwardingCollection.standardContains(Object)",1,1,1
"com.google.common.collect.ForwardingCollection.standardContainsAll(Collection<?>)",3,2,3
"com.google.common.collect.ForwardingCollection.standardIsEmpty()",1,1,1
"com.google.common.collect.ForwardingCollection.standardRemove(Object)",3,3,3
"com.google.common.collect.ForwardingCollection.standardRemoveAll(Collection<?>)",1,1,1
"com.google.common.collect.ForwardingCollection.standardRetainAll(Collection<?>)",1,1,1
"com.google.common.collect.ForwardingCollection.standardToArray()",1,1,1
"com.google.common.collect.ForwardingCollection.standardToArray(T[])",1,1,1
"com.google.common.collect.ForwardingCollection.standardToString()",1,1,1
"com.google.common.collect.ForwardingCollection.toArray()",1,1,1
"com.google.common.collect.ForwardingCollection.toArray(T[])",1,1,1
"com.google.common.collect.ForwardingConcurrentMap.ForwardingConcurrentMap()",1,1,1
"com.google.common.collect.ForwardingConcurrentMap.putIfAbsent(K,V)",1,1,1
"com.google.common.collect.ForwardingConcurrentMap.remove(Object,Object)",1,1,1
"com.google.common.collect.ForwardingConcurrentMap.replace(K,V)",1,1,1
"com.google.common.collect.ForwardingConcurrentMap.replace(K,V,V)",1,1,1
"com.google.common.collect.ForwardingDeque.ForwardingDeque()",1,1,1
"com.google.common.collect.ForwardingDeque.addFirst(E)",1,1,1
"com.google.common.collect.ForwardingDeque.addLast(E)",1,1,1
"com.google.common.collect.ForwardingDeque.descendingIterator()",1,1,1
"com.google.common.collect.ForwardingDeque.getFirst()",1,1,1
"com.google.common.collect.ForwardingDeque.getLast()",1,1,1
"com.google.common.collect.ForwardingDeque.offerFirst(E)",1,1,1
"com.google.common.collect.ForwardingDeque.offerLast(E)",1,1,1
"com.google.common.collect.ForwardingDeque.peekFirst()",1,1,1
"com.google.common.collect.ForwardingDeque.peekLast()",1,1,1
"com.google.common.collect.ForwardingDeque.pollFirst()",1,1,1
"com.google.common.collect.ForwardingDeque.pollLast()",1,1,1
"com.google.common.collect.ForwardingDeque.pop()",1,1,1
"com.google.common.collect.ForwardingDeque.push(E)",1,1,1
"com.google.common.collect.ForwardingDeque.removeFirst()",1,1,1
"com.google.common.collect.ForwardingDeque.removeFirstOccurrence(Object)",1,1,1
"com.google.common.collect.ForwardingDeque.removeLast()",1,1,1
"com.google.common.collect.ForwardingDeque.removeLastOccurrence(Object)",1,1,1
"com.google.common.collect.ForwardingImmutableList.ForwardingImmutableList()",1,1,1
"com.google.common.collect.ForwardingImmutableMap.ForwardingImmutableMap()",1,1,1
"com.google.common.collect.ForwardingImmutableSet.ForwardingImmutableSet()",1,1,1
"com.google.common.collect.ForwardingIterator.ForwardingIterator()",1,1,1
"com.google.common.collect.ForwardingIterator.hasNext()",1,1,1
"com.google.common.collect.ForwardingIterator.next()",1,1,1
"com.google.common.collect.ForwardingIterator.remove()",1,1,1
"com.google.common.collect.ForwardingList.ForwardingList()",1,1,1
"com.google.common.collect.ForwardingList.add(int,E)",1,1,1
"com.google.common.collect.ForwardingList.addAll(int,Collection<? extends E>)",1,1,1
"com.google.common.collect.ForwardingList.equals(Object)",1,2,2
"com.google.common.collect.ForwardingList.get(int)",1,1,1
"com.google.common.collect.ForwardingList.hashCode()",1,1,1
"com.google.common.collect.ForwardingList.indexOf(Object)",1,1,1
"com.google.common.collect.ForwardingList.lastIndexOf(Object)",1,1,1
"com.google.common.collect.ForwardingList.listIterator()",1,1,1
"com.google.common.collect.ForwardingList.listIterator(int)",1,1,1
"com.google.common.collect.ForwardingList.remove(int)",1,1,1
"com.google.common.collect.ForwardingList.set(int,E)",1,1,1
"com.google.common.collect.ForwardingList.standardAdd(E)",1,1,1
"com.google.common.collect.ForwardingList.standardAddAll(int,Iterable<? extends E>)",1,1,1
"com.google.common.collect.ForwardingList.standardEquals(Object)",1,1,1
"com.google.common.collect.ForwardingList.standardHashCode()",1,1,1
"com.google.common.collect.ForwardingList.standardIndexOf(Object)",1,1,1
"com.google.common.collect.ForwardingList.standardIterator()",1,1,1
"com.google.common.collect.ForwardingList.standardLastIndexOf(Object)",1,1,1
"com.google.common.collect.ForwardingList.standardListIterator()",1,1,1
"com.google.common.collect.ForwardingList.standardListIterator(int)",1,1,1
"com.google.common.collect.ForwardingList.standardSubList(int,int)",1,1,1
"com.google.common.collect.ForwardingList.subList(int,int)",1,1,1
"com.google.common.collect.ForwardingListIterator.ForwardingListIterator()",1,1,1
"com.google.common.collect.ForwardingListIterator.add(E)",1,1,1
"com.google.common.collect.ForwardingListIterator.hasPrevious()",1,1,1
"com.google.common.collect.ForwardingListIterator.nextIndex()",1,1,1
"com.google.common.collect.ForwardingListIterator.previous()",1,1,1
"com.google.common.collect.ForwardingListIterator.previousIndex()",1,1,1
"com.google.common.collect.ForwardingListIterator.set(E)",1,1,1
"com.google.common.collect.ForwardingListMultimap.ForwardingListMultimap()",1,1,1
"com.google.common.collect.ForwardingListMultimap.get(K)",1,1,1
"com.google.common.collect.ForwardingListMultimap.removeAll(Object)",1,1,1
"com.google.common.collect.ForwardingListMultimap.replaceValues(K,Iterable<? extends V>)",1,1,1
"com.google.common.collect.ForwardingMap.ForwardingMap()",1,1,1
"com.google.common.collect.ForwardingMap.StandardEntrySet.StandardEntrySet()",1,1,1
"com.google.common.collect.ForwardingMap.StandardEntrySet.map()",1,1,1
"com.google.common.collect.ForwardingMap.StandardKeySet.StandardKeySet()",1,1,1
"com.google.common.collect.ForwardingMap.StandardKeySet.map()",1,1,1
"com.google.common.collect.ForwardingMap.StandardValues.StandardValues()",1,1,1
"com.google.common.collect.ForwardingMap.StandardValues.map()",1,1,1
"com.google.common.collect.ForwardingMap.clear()",1,1,1
"com.google.common.collect.ForwardingMap.containsKey(Object)",1,1,1
"com.google.common.collect.ForwardingMap.containsValue(Object)",1,1,1
"com.google.common.collect.ForwardingMap.entrySet()",1,1,1
"com.google.common.collect.ForwardingMap.equals(Object)",1,2,2
"com.google.common.collect.ForwardingMap.get(Object)",1,1,1
"com.google.common.collect.ForwardingMap.hashCode()",1,1,1
"com.google.common.collect.ForwardingMap.isEmpty()",1,1,1
"com.google.common.collect.ForwardingMap.keySet()",1,1,1
"com.google.common.collect.ForwardingMap.put(K,V)",1,1,1
"com.google.common.collect.ForwardingMap.putAll(Map<? extends K, ? extends V>)",1,1,1
"com.google.common.collect.ForwardingMap.remove(Object)",1,1,1
"com.google.common.collect.ForwardingMap.size()",1,1,1
"com.google.common.collect.ForwardingMap.standardClear()",1,2,2
"com.google.common.collect.ForwardingMap.standardContainsKey(Object)",1,1,1
"com.google.common.collect.ForwardingMap.standardContainsValue(Object)",1,1,1
"com.google.common.collect.ForwardingMap.standardEquals(Object)",1,1,1
"com.google.common.collect.ForwardingMap.standardHashCode()",1,1,1
"com.google.common.collect.ForwardingMap.standardIsEmpty()",1,1,1
"com.google.common.collect.ForwardingMap.standardPutAll(Map<? extends K, ? extends V>)",1,1,1
"com.google.common.collect.ForwardingMap.standardRemove(Object)",3,3,3
"com.google.common.collect.ForwardingMap.standardToString()",1,1,1
"com.google.common.collect.ForwardingMap.values()",1,1,1
"com.google.common.collect.ForwardingMapEntry.ForwardingMapEntry()",1,1,1
"com.google.common.collect.ForwardingMapEntry.equals(Object)",1,1,1
"com.google.common.collect.ForwardingMapEntry.getKey()",1,1,1
"com.google.common.collect.ForwardingMapEntry.getValue()",1,1,1
"com.google.common.collect.ForwardingMapEntry.hashCode()",1,1,1
"com.google.common.collect.ForwardingMapEntry.setValue(V)",1,1,1
"com.google.common.collect.ForwardingMapEntry.standardEquals(Object)",2,3,3
"com.google.common.collect.ForwardingMapEntry.standardHashCode()",1,3,3
"com.google.common.collect.ForwardingMapEntry.standardToString()",1,1,1
"com.google.common.collect.ForwardingMultimap.ForwardingMultimap()",1,1,1
"com.google.common.collect.ForwardingMultimap.asMap()",1,1,1
"com.google.common.collect.ForwardingMultimap.clear()",1,1,1
"com.google.common.collect.ForwardingMultimap.containsEntry(Object,Object)",1,1,1
"com.google.common.collect.ForwardingMultimap.containsKey(Object)",1,1,1
"com.google.common.collect.ForwardingMultimap.containsValue(Object)",1,1,1
"com.google.common.collect.ForwardingMultimap.entries()",1,1,1
"com.google.common.collect.ForwardingMultimap.equals(Object)",1,2,2
"com.google.common.collect.ForwardingMultimap.get(K)",1,1,1
"com.google.common.collect.ForwardingMultimap.hashCode()",1,1,1
"com.google.common.collect.ForwardingMultimap.isEmpty()",1,1,1
"com.google.common.collect.ForwardingMultimap.keySet()",1,1,1
"com.google.common.collect.ForwardingMultimap.keys()",1,1,1
"com.google.common.collect.ForwardingMultimap.put(K,V)",1,1,1
"com.google.common.collect.ForwardingMultimap.putAll(K,Iterable<? extends V>)",1,1,1
"com.google.common.collect.ForwardingMultimap.putAll(Multimap<? extends K, ? extends V>)",1,1,1
"com.google.common.collect.ForwardingMultimap.remove(Object,Object)",1,1,1
"com.google.common.collect.ForwardingMultimap.removeAll(Object)",1,1,1
"com.google.common.collect.ForwardingMultimap.replaceValues(K,Iterable<? extends V>)",1,1,1
"com.google.common.collect.ForwardingMultimap.size()",1,1,1
"com.google.common.collect.ForwardingMultimap.values()",1,1,1
"com.google.common.collect.ForwardingMultiset.ForwardingMultiset()",1,1,1
"com.google.common.collect.ForwardingMultiset.StandardElementSet.StandardElementSet()",1,1,1
"com.google.common.collect.ForwardingMultiset.StandardElementSet.multiset()",1,1,1
"com.google.common.collect.ForwardingMultiset.add(E,int)",1,1,1
"com.google.common.collect.ForwardingMultiset.count(Object)",1,1,1
"com.google.common.collect.ForwardingMultiset.elementSet()",1,1,1
"com.google.common.collect.ForwardingMultiset.entrySet()",1,1,1
"com.google.common.collect.ForwardingMultiset.equals(Object)",1,2,2
"com.google.common.collect.ForwardingMultiset.hashCode()",1,1,1
"com.google.common.collect.ForwardingMultiset.remove(Object,int)",1,1,1
"com.google.common.collect.ForwardingMultiset.setCount(E,int)",1,1,1
"com.google.common.collect.ForwardingMultiset.setCount(E,int,int)",1,1,1
"com.google.common.collect.ForwardingMultiset.standardAdd(E)",1,1,1
"com.google.common.collect.ForwardingMultiset.standardAddAll(Collection<? extends E>)",1,1,1
"com.google.common.collect.ForwardingMultiset.standardClear()",1,2,2
"com.google.common.collect.ForwardingMultiset.standardContains(Object)",1,1,1
"com.google.common.collect.ForwardingMultiset.standardCount(Object)",3,3,3
"com.google.common.collect.ForwardingMultiset.standardEquals(Object)",1,1,1
"com.google.common.collect.ForwardingMultiset.standardHashCode()",1,1,1
"com.google.common.collect.ForwardingMultiset.standardIterator()",1,1,1
"com.google.common.collect.ForwardingMultiset.standardRemove(Object)",1,1,1
"com.google.common.collect.ForwardingMultiset.standardRemoveAll(Collection<?>)",1,1,1
"com.google.common.collect.ForwardingMultiset.standardRetainAll(Collection<?>)",1,1,1
"com.google.common.collect.ForwardingMultiset.standardSetCount(E,int)",1,1,1
"com.google.common.collect.ForwardingMultiset.standardSetCount(E,int,int)",1,1,1
"com.google.common.collect.ForwardingMultiset.standardSize()",1,1,1
"com.google.common.collect.ForwardingMultiset.standardToString()",1,1,1
"com.google.common.collect.ForwardingNavigableMap.ForwardingNavigableMap()",1,1,1
"com.google.common.collect.ForwardingNavigableMap.StandardDescendingMap.StandardDescendingMap()",1,1,1
"com.google.common.collect.ForwardingNavigableMap.StandardDescendingMap.entryIterator()",2,1,2
"com.google.common.collect.ForwardingNavigableMap.StandardDescendingMap.forward()",1,1,1
"com.google.common.collect.ForwardingNavigableMap.StandardNavigableKeySet.StandardNavigableKeySet()",1,1,1
"com.google.common.collect.ForwardingNavigableMap.StandardNavigableKeySet.map()",1,1,1
"com.google.common.collect.ForwardingNavigableMap.ceilingEntry(K)",1,1,1
"com.google.common.collect.ForwardingNavigableMap.ceilingKey(K)",1,1,1
"com.google.common.collect.ForwardingNavigableMap.descendingKeySet()",1,1,1
"com.google.common.collect.ForwardingNavigableMap.descendingMap()",1,1,1
"com.google.common.collect.ForwardingNavigableMap.firstEntry()",1,1,1
"com.google.common.collect.ForwardingNavigableMap.floorEntry(K)",1,1,1
"com.google.common.collect.ForwardingNavigableMap.floorKey(K)",1,1,1
"com.google.common.collect.ForwardingNavigableMap.headMap(K,boolean)",1,1,1
"com.google.common.collect.ForwardingNavigableMap.higherEntry(K)",1,1,1
"com.google.common.collect.ForwardingNavigableMap.higherKey(K)",1,1,1
"com.google.common.collect.ForwardingNavigableMap.lastEntry()",1,1,1
"com.google.common.collect.ForwardingNavigableMap.lowerEntry(K)",1,1,1
"com.google.common.collect.ForwardingNavigableMap.lowerKey(K)",1,1,1
"com.google.common.collect.ForwardingNavigableMap.navigableKeySet()",1,1,1
"com.google.common.collect.ForwardingNavigableMap.poll(Iterator<T>)",2,2,2
"com.google.common.collect.ForwardingNavigableMap.pollFirstEntry()",1,1,1
"com.google.common.collect.ForwardingNavigableMap.pollLastEntry()",1,1,1
"com.google.common.collect.ForwardingNavigableMap.standardCeilingEntry(K)",1,1,1
"com.google.common.collect.ForwardingNavigableMap.standardCeilingKey(K)",1,1,1
"com.google.common.collect.ForwardingNavigableMap.standardDescendingKeySet()",1,1,1
"com.google.common.collect.ForwardingNavigableMap.standardFirstEntry()",1,1,1
"com.google.common.collect.ForwardingNavigableMap.standardFirstKey()",2,2,2
"com.google.common.collect.ForwardingNavigableMap.standardFloorEntry(K)",1,1,1
"com.google.common.collect.ForwardingNavigableMap.standardFloorKey(K)",1,1,1
"com.google.common.collect.ForwardingNavigableMap.standardHeadMap(K)",1,1,1
"com.google.common.collect.ForwardingNavigableMap.standardHigherEntry(K)",1,1,1
"com.google.common.collect.ForwardingNavigableMap.standardHigherKey(K)",1,1,1
"com.google.common.collect.ForwardingNavigableMap.standardLastEntry()",1,1,1
"com.google.common.collect.ForwardingNavigableMap.standardLastKey()",2,2,2
"com.google.common.collect.ForwardingNavigableMap.standardLowerEntry(K)",1,1,1
"com.google.common.collect.ForwardingNavigableMap.standardLowerKey(K)",1,1,1
"com.google.common.collect.ForwardingNavigableMap.standardPollFirstEntry()",1,1,1
"com.google.common.collect.ForwardingNavigableMap.standardPollLastEntry()",1,1,1
"com.google.common.collect.ForwardingNavigableMap.standardSubMap(K,K)",1,1,1
"com.google.common.collect.ForwardingNavigableMap.standardTailMap(K)",1,1,1
"com.google.common.collect.ForwardingNavigableMap.subMap(K,boolean,K,boolean)",1,1,1
"com.google.common.collect.ForwardingNavigableMap.tailMap(K,boolean)",1,1,1
"com.google.common.collect.ForwardingNavigableSet.ForwardingNavigableSet()",1,1,1
"com.google.common.collect.ForwardingNavigableSet.StandardDescendingSet.StandardDescendingSet()",1,1,1
"com.google.common.collect.ForwardingNavigableSet.ceiling(E)",1,1,1
"com.google.common.collect.ForwardingNavigableSet.descendingIterator()",1,1,1
"com.google.common.collect.ForwardingNavigableSet.descendingSet()",1,1,1
"com.google.common.collect.ForwardingNavigableSet.floor(E)",1,1,1
"com.google.common.collect.ForwardingNavigableSet.headSet(E,boolean)",1,1,1
"com.google.common.collect.ForwardingNavigableSet.higher(E)",1,1,1
"com.google.common.collect.ForwardingNavigableSet.lower(E)",1,1,1
"com.google.common.collect.ForwardingNavigableSet.poll(Iterator<E>)",2,2,2
"com.google.common.collect.ForwardingNavigableSet.pollFirst()",1,1,1
"com.google.common.collect.ForwardingNavigableSet.pollLast()",1,1,1
"com.google.common.collect.ForwardingNavigableSet.standardCeiling(E)",1,1,1
"com.google.common.collect.ForwardingNavigableSet.standardFirst()",1,1,1
"com.google.common.collect.ForwardingNavigableSet.standardFloor(E)",1,1,1
"com.google.common.collect.ForwardingNavigableSet.standardHeadSet(E)",1,1,1
"com.google.common.collect.ForwardingNavigableSet.standardHigher(E)",1,1,1
"com.google.common.collect.ForwardingNavigableSet.standardLast()",1,1,1
"com.google.common.collect.ForwardingNavigableSet.standardLower(E)",1,1,1
"com.google.common.collect.ForwardingNavigableSet.standardPollFirst()",1,1,1
"com.google.common.collect.ForwardingNavigableSet.standardPollLast()",1,1,1
"com.google.common.collect.ForwardingNavigableSet.standardSubSet(E,E)",1,1,1
"com.google.common.collect.ForwardingNavigableSet.standardSubSet(E,boolean,E,boolean)",1,1,1
"com.google.common.collect.ForwardingNavigableSet.standardTailSet(E)",1,1,1
"com.google.common.collect.ForwardingNavigableSet.subSet(E,boolean,E,boolean)",1,1,1
"com.google.common.collect.ForwardingNavigableSet.tailSet(E,boolean)",1,1,1
"com.google.common.collect.ForwardingObject.ForwardingObject()",1,1,1
"com.google.common.collect.ForwardingObject.toString()",1,1,1
"com.google.common.collect.ForwardingQueue.ForwardingQueue()",1,1,1
"com.google.common.collect.ForwardingQueue.element()",1,1,1
"com.google.common.collect.ForwardingQueue.offer(E)",1,1,1
"com.google.common.collect.ForwardingQueue.peek()",1,1,1
"com.google.common.collect.ForwardingQueue.poll()",1,1,1
"com.google.common.collect.ForwardingQueue.remove()",1,1,1
"com.google.common.collect.ForwardingQueue.standardOffer(E)",1,1,2
"com.google.common.collect.ForwardingQueue.standardPeek()",1,1,2
"com.google.common.collect.ForwardingQueue.standardPoll()",1,1,2
"com.google.common.collect.ForwardingSet.ForwardingSet()",1,1,1
"com.google.common.collect.ForwardingSet.equals(Object)",1,2,2
"com.google.common.collect.ForwardingSet.hashCode()",1,1,1
"com.google.common.collect.ForwardingSet.standardEquals(Object)",1,1,1
"com.google.common.collect.ForwardingSet.standardHashCode()",1,1,1
"com.google.common.collect.ForwardingSet.standardRemoveAll(Collection<?>)",1,1,1
"com.google.common.collect.ForwardingSetMultimap.entries()",1,1,1
"com.google.common.collect.ForwardingSetMultimap.get(K)",1,1,1
"com.google.common.collect.ForwardingSetMultimap.removeAll(Object)",1,1,1
"com.google.common.collect.ForwardingSetMultimap.replaceValues(K,Iterable<? extends V>)",1,1,1
"com.google.common.collect.ForwardingSortedMap.ForwardingSortedMap()",1,1,1
"com.google.common.collect.ForwardingSortedMap.comparator()",1,1,1
"com.google.common.collect.ForwardingSortedMap.firstKey()",1,1,1
"com.google.common.collect.ForwardingSortedMap.headMap(K)",1,1,1
"com.google.common.collect.ForwardingSortedMap.lastKey()",1,1,1
"com.google.common.collect.ForwardingSortedMap.standardContainsKey(Object)",1,1,4
"com.google.common.collect.ForwardingSortedMap.standardRemove(Object)",3,3,5
"com.google.common.collect.ForwardingSortedMap.standardSubMap(K,K)",1,1,1
"com.google.common.collect.ForwardingSortedMap.subMap(K,K)",1,1,1
"com.google.common.collect.ForwardingSortedMap.tailMap(K)",1,1,1
"com.google.common.collect.ForwardingSortedMap.unsafeCompare(Object,Object)",2,2,2
"com.google.common.collect.ForwardingSortedSet.ForwardingSortedSet()",1,1,1
"com.google.common.collect.ForwardingSortedSet.comparator()",1,1,1
"com.google.common.collect.ForwardingSortedSet.first()",1,1,1
"com.google.common.collect.ForwardingSortedSet.headSet(E)",1,1,1
"com.google.common.collect.ForwardingSortedSet.last()",1,1,1
"com.google.common.collect.ForwardingSortedSet.standardContains(Object)",1,1,4
"com.google.common.collect.ForwardingSortedSet.standardRemove(Object)",3,3,5
"com.google.common.collect.ForwardingSortedSet.standardSubSet(E,E)",1,1,1
"com.google.common.collect.ForwardingSortedSet.subSet(E,E)",1,1,1
"com.google.common.collect.ForwardingSortedSet.tailSet(E)",1,1,1
"com.google.common.collect.ForwardingSortedSet.unsafeCompare(Object,Object)",1,2,2
"com.google.common.collect.ForwardingSortedSetMultimap.ForwardingSortedSetMultimap()",1,1,1
"com.google.common.collect.ForwardingSortedSetMultimap.get(K)",1,1,1
"com.google.common.collect.ForwardingSortedSetMultimap.removeAll(Object)",1,1,1
"com.google.common.collect.ForwardingSortedSetMultimap.replaceValues(K,Iterable<? extends V>)",1,1,1
"com.google.common.collect.ForwardingSortedSetMultimap.valueComparator()",1,1,1
"com.google.common.collect.ForwardingTable.ForwardingTable()",1,1,1
"com.google.common.collect.ForwardingTable.cellSet()",1,1,1
"com.google.common.collect.ForwardingTable.clear()",1,1,1
"com.google.common.collect.ForwardingTable.column(C)",1,1,1
"com.google.common.collect.ForwardingTable.columnKeySet()",1,1,1
"com.google.common.collect.ForwardingTable.columnMap()",1,1,1
"com.google.common.collect.ForwardingTable.contains(Object,Object)",1,1,1
"com.google.common.collect.ForwardingTable.containsColumn(Object)",1,1,1
"com.google.common.collect.ForwardingTable.containsRow(Object)",1,1,1
"com.google.common.collect.ForwardingTable.containsValue(Object)",1,1,1
"com.google.common.collect.ForwardingTable.equals(Object)",1,2,2
"com.google.common.collect.ForwardingTable.get(Object,Object)",1,1,1
"com.google.common.collect.ForwardingTable.hashCode()",1,1,1
"com.google.common.collect.ForwardingTable.isEmpty()",1,1,1
"com.google.common.collect.ForwardingTable.put(R,C,V)",1,1,1
"com.google.common.collect.ForwardingTable.putAll(Table<? extends R, ? extends C, ? extends V>)",1,1,1
"com.google.common.collect.ForwardingTable.remove(Object,Object)",1,1,1
"com.google.common.collect.ForwardingTable.row(R)",1,1,1
"com.google.common.collect.ForwardingTable.rowKeySet()",1,1,1
"com.google.common.collect.ForwardingTable.rowMap()",1,1,1
"com.google.common.collect.ForwardingTable.size()",1,1,1
"com.google.common.collect.ForwardingTable.values()",1,1,1
"com.google.common.collect.GeneralRange.GeneralRange(Comparator<? super T>,boolean,T,BoundType,boolean,T,BoundType)",1,5,6
"com.google.common.collect.GeneralRange.all(Comparator<? super T>)",1,1,1
"com.google.common.collect.GeneralRange.comparator()",1,1,1
"com.google.common.collect.GeneralRange.contains(T)",1,2,2
"com.google.common.collect.GeneralRange.downTo(Comparator<? super T>,T,BoundType)",1,1,1
"com.google.common.collect.GeneralRange.equals(Object)",2,8,8
"com.google.common.collect.GeneralRange.from(Range<T>)",1,5,5
"com.google.common.collect.GeneralRange.getLowerBoundType()",1,1,1
"com.google.common.collect.GeneralRange.getLowerEndpoint()",1,1,1
"com.google.common.collect.GeneralRange.getUpperBoundType()",1,1,1
"com.google.common.collect.GeneralRange.getUpperEndpoint()",1,1,1
"com.google.common.collect.GeneralRange.hasLowerBound()",1,1,1
"com.google.common.collect.GeneralRange.hasUpperBound()",1,1,1
"com.google.common.collect.GeneralRange.hashCode()",1,1,1
"com.google.common.collect.GeneralRange.intersect(GeneralRange<T>)",1,12,17
"com.google.common.collect.GeneralRange.isEmpty()",1,4,4
"com.google.common.collect.GeneralRange.range(Comparator<? super T>,T,BoundType,T,BoundType)",1,1,1
"com.google.common.collect.GeneralRange.reverse()",2,2,2
"com.google.common.collect.GeneralRange.toString()",3,5,7
"com.google.common.collect.GeneralRange.tooHigh(T)",2,1,2
"com.google.common.collect.GeneralRange.tooLow(T)",2,1,2
"com.google.common.collect.GeneralRange.upTo(Comparator<? super T>,T,BoundType)",1,1,1
"com.google.common.collect.GenericMapMaker.GenericMapMaker()",1,1,1
"com.google.common.collect.GenericMapMaker.NullListener.onRemoval(RemovalNotification<Object, Object>)",1,1,1
"com.google.common.collect.GenericMapMaker.getRemovalListener()",1,1,1
"com.google.common.collect.GwtSerializationDependencies.GwtSerializationDependencies()",1,1,1
"com.google.common.collect.GwtSerializationDependencies.HashBasedTableDependencies.HashBasedTableDependencies()",1,1,1
"com.google.common.collect.GwtSerializationDependencies.ImmutableListMultimapDependencies.ImmutableListMultimapDependencies()",1,1,1
"com.google.common.collect.GwtSerializationDependencies.ImmutableSetMultimapDependencies.ImmutableSetMultimapDependencies()",1,1,1
"com.google.common.collect.GwtSerializationDependencies.LinkedListMultimapDependencies.LinkedListMultimapDependencies()",1,1,1
"com.google.common.collect.GwtSerializationDependencies.TreeBasedTableDependencies.TreeBasedTableDependencies()",1,1,1
"com.google.common.collect.GwtSerializationDependencies.TreeMultimapDependencies.TreeMultimapDependencies()",1,1,1
"com.google.common.collect.HashBasedTable.Factory.Factory(int)",1,1,1
"com.google.common.collect.HashBasedTable.Factory.get()",1,1,1
"com.google.common.collect.HashBasedTable.HashBasedTable(Map<R, Map<C, V>>,Factory<C, V>)",1,1,1
"com.google.common.collect.HashBasedTable.contains(Object,Object)",1,1,1
"com.google.common.collect.HashBasedTable.containsColumn(Object)",1,1,1
"com.google.common.collect.HashBasedTable.containsRow(Object)",1,1,1
"com.google.common.collect.HashBasedTable.containsValue(Object)",1,1,1
"com.google.common.collect.HashBasedTable.create()",1,1,1
"com.google.common.collect.HashBasedTable.create(Table<? extends R, ? extends C, ? extends V>)",1,1,1
"com.google.common.collect.HashBasedTable.create(int,int)",1,1,1
"com.google.common.collect.HashBasedTable.equals(Object)",1,1,1
"com.google.common.collect.HashBasedTable.get(Object,Object)",1,1,1
"com.google.common.collect.HashBasedTable.remove(Object,Object)",1,1,1
"com.google.common.collect.HashBasedTable_CustomFieldSerializer.deserialize(SerializationStreamReader,HashBasedTable<?, ?, ?>)",1,1,1
"com.google.common.collect.HashBasedTable_CustomFieldSerializer.instantiate(SerializationStreamReader)",1,2,2
"com.google.common.collect.HashBasedTable_CustomFieldSerializer.serialize(SerializationStreamWriter,HashBasedTable<?, ?, ?>)",1,1,1
"com.google.common.collect.HashBiMap.HashBiMap()",1,1,1
"com.google.common.collect.HashBiMap.HashBiMap(int)",1,1,1
"com.google.common.collect.HashBiMap.create()",1,1,1
"com.google.common.collect.HashBiMap.create(Map<? extends K, ? extends V>)",1,1,1
"com.google.common.collect.HashBiMap.create(int)",1,1,1
"com.google.common.collect.HashBiMap.forcePut(K,V)",1,1,1
"com.google.common.collect.HashBiMap.put(K,V)",1,1,1
"com.google.common.collect.HashBiMap.readObject(ObjectInputStream)",1,1,1
"com.google.common.collect.HashBiMap.writeObject(ObjectOutputStream)",1,1,1
"com.google.common.collect.HashMultimap.HashMultimap()",1,1,1
"com.google.common.collect.HashMultimap.HashMultimap(Multimap<? extends K, ? extends V>)",1,1,1
"com.google.common.collect.HashMultimap.HashMultimap(int,int)",1,1,1
"com.google.common.collect.HashMultimap.create()",1,1,1
"com.google.common.collect.HashMultimap.create(Multimap<? extends K, ? extends V>)",1,1,1
"com.google.common.collect.HashMultimap.create(int,int)",1,1,1
"com.google.common.collect.HashMultimap.createCollection()",1,1,1
"com.google.common.collect.HashMultimap.readObject(ObjectInputStream)",1,1,1
"com.google.common.collect.HashMultimap.writeObject(ObjectOutputStream)",1,1,1
"com.google.common.collect.HashMultimap_CustomFieldSerializer.deserialize(SerializationStreamReader,HashMultimap<?, ?>)",1,1,1
"com.google.common.collect.HashMultimap_CustomFieldSerializer.instantiate(SerializationStreamReader)",1,1,1
"com.google.common.collect.HashMultimap_CustomFieldSerializer.serialize(SerializationStreamWriter,HashMultimap<?, ?>)",1,1,1
"com.google.common.collect.HashMultiset.HashMultiset()",1,1,1
"com.google.common.collect.HashMultiset.HashMultiset(int)",1,1,1
"com.google.common.collect.HashMultiset.create()",1,1,1
"com.google.common.collect.HashMultiset.create(Iterable<? extends E>)",1,1,1
"com.google.common.collect.HashMultiset.create(int)",1,1,1
"com.google.common.collect.HashMultiset.readObject(ObjectInputStream)",1,1,1
"com.google.common.collect.HashMultiset.writeObject(ObjectOutputStream)",1,1,1
"com.google.common.collect.HashMultiset_CustomFieldSerializer.deserialize(SerializationStreamReader,HashMultiset<?>)",1,1,1
"com.google.common.collect.HashMultiset_CustomFieldSerializer.instantiate(SerializationStreamReader)",1,1,1
"com.google.common.collect.HashMultiset_CustomFieldSerializer.serialize(SerializationStreamWriter,HashMultiset<?>)",1,1,1
"com.google.common.collect.Hashing.Hashing()",1,1,1
"com.google.common.collect.Hashing.smear(int)",1,1,1
"com.google.common.collect.ImmutableAsList.SerializedForm.SerializedForm(ImmutableCollection<?>)",1,1,1
"com.google.common.collect.ImmutableAsList.SerializedForm.readResolve()",1,1,1
"com.google.common.collect.ImmutableAsList.contains(Object)",1,1,1
"com.google.common.collect.ImmutableAsList.isEmpty()",1,1,1
"com.google.common.collect.ImmutableAsList.isPartialView()",1,1,1
"com.google.common.collect.ImmutableAsList.readObject(ObjectInputStream)",1,1,1
"com.google.common.collect.ImmutableAsList.size()",1,1,1
"com.google.common.collect.ImmutableAsList.writeReplace()",1,1,1
"com.google.common.collect.ImmutableBiMap.Builder.Builder()",1,1,1
"com.google.common.collect.ImmutableBiMap.Builder.build()",2,2,2
"com.google.common.collect.ImmutableBiMap.Builder.put(K,V)",1,1,1
"com.google.common.collect.ImmutableBiMap.Builder.putAll(Map<? extends K, ? extends V>)",1,1,1
"com.google.common.collect.ImmutableBiMap.ImmutableBiMap()",1,1,1
"com.google.common.collect.ImmutableBiMap.SerializedForm.SerializedForm(ImmutableBiMap<?, ?>)",1,1,1
"com.google.common.collect.ImmutableBiMap.SerializedForm.readResolve()",1,1,1
"com.google.common.collect.ImmutableBiMap.builder()",1,1,1
"com.google.common.collect.ImmutableBiMap.containsKey(Object)",1,1,1
"com.google.common.collect.ImmutableBiMap.containsValue(Object)",1,1,1
"com.google.common.collect.ImmutableBiMap.copyOf(Map<? extends K, ? extends V>)",4,3,4
"com.google.common.collect.ImmutableBiMap.createEntrySet()",1,1,1
"com.google.common.collect.ImmutableBiMap.equals(Object)",1,2,2
"com.google.common.collect.ImmutableBiMap.forcePut(K,V)",1,1,1
"com.google.common.collect.ImmutableBiMap.get(Object)",1,1,1
"com.google.common.collect.ImmutableBiMap.hashCode()",1,1,1
"com.google.common.collect.ImmutableBiMap.isEmpty()",1,1,1
"com.google.common.collect.ImmutableBiMap.keySet()",1,1,1
"com.google.common.collect.ImmutableBiMap.of()",1,1,1
"com.google.common.collect.ImmutableBiMap.of(K,V)",1,1,1
"com.google.common.collect.ImmutableBiMap.of(K,V,K,V)",1,1,1
"com.google.common.collect.ImmutableBiMap.of(K,V,K,V,K,V)",1,1,1
"com.google.common.collect.ImmutableBiMap.of(K,V,K,V,K,V,K,V)",1,1,1
"com.google.common.collect.ImmutableBiMap.of(K,V,K,V,K,V,K,V,K,V)",1,1,1
"com.google.common.collect.ImmutableBiMap.size()",1,1,1
"com.google.common.collect.ImmutableBiMap.toString()",1,1,1
"com.google.common.collect.ImmutableBiMap.values()",1,1,1
"com.google.common.collect.ImmutableBiMap.writeReplace()",1,1,1
"com.google.common.collect.ImmutableClassToInstanceMap.Builder.build()",1,1,1
"com.google.common.collect.ImmutableClassToInstanceMap.Builder.cast(Class<T>,B)",1,1,1
"com.google.common.collect.ImmutableClassToInstanceMap.Builder.put(Class<T>,T)",1,1,1
"com.google.common.collect.ImmutableClassToInstanceMap.Builder.putAll(Map<? extends Class<? extends T>, ? extends T>)",1,2,2
"com.google.common.collect.ImmutableClassToInstanceMap.ImmutableClassToInstanceMap(ImmutableMap<Class<? extends B>, B>)",1,1,1
"com.google.common.collect.ImmutableClassToInstanceMap.builder()",1,1,1
"com.google.common.collect.ImmutableClassToInstanceMap.copyOf(Map<? extends Class<? extends S>, ? extends S>)",2,1,2
"com.google.common.collect.ImmutableClassToInstanceMap.delegate()",1,1,1
"com.google.common.collect.ImmutableClassToInstanceMap.getInstance(Class<T>)",1,1,1
"com.google.common.collect.ImmutableClassToInstanceMap.putInstance(Class<T>,T)",1,1,1
"com.google.common.collect.ImmutableCollection.ArrayImmutableCollection.ArrayImmutableCollection(E[])",1,1,1
"com.google.common.collect.ImmutableCollection.ArrayImmutableCollection.createAsList()",1,1,2
"com.google.common.collect.ImmutableCollection.ArrayImmutableCollection.isEmpty()",1,1,1
"com.google.common.collect.ImmutableCollection.ArrayImmutableCollection.isPartialView()",1,1,1
"com.google.common.collect.ImmutableCollection.ArrayImmutableCollection.iterator()",1,1,1
"com.google.common.collect.ImmutableCollection.ArrayImmutableCollection.size()",1,1,1
"com.google.common.collect.ImmutableCollection.Builder.Builder()",1,1,1
"com.google.common.collect.ImmutableCollection.Builder.add(E...)",1,2,2
"com.google.common.collect.ImmutableCollection.Builder.addAll(Iterable<? extends E>)",1,2,2
"com.google.common.collect.ImmutableCollection.Builder.addAll(Iterator<? extends E>)",1,2,2
"com.google.common.collect.ImmutableCollection.Builder.expandedCapacity(int,int)",2,2,4
"com.google.common.collect.ImmutableCollection.EmptyImmutableCollection.contains(Object)",1,1,1
"com.google.common.collect.ImmutableCollection.EmptyImmutableCollection.createAsList()",1,1,1
"com.google.common.collect.ImmutableCollection.EmptyImmutableCollection.isEmpty()",1,1,1
"com.google.common.collect.ImmutableCollection.EmptyImmutableCollection.isPartialView()",1,1,1
"com.google.common.collect.ImmutableCollection.EmptyImmutableCollection.iterator()",1,1,1
"com.google.common.collect.ImmutableCollection.EmptyImmutableCollection.size()",1,1,1
"com.google.common.collect.ImmutableCollection.EmptyImmutableCollection.toArray()",1,1,1
"com.google.common.collect.ImmutableCollection.EmptyImmutableCollection.toArray(T[])",1,1,2
"com.google.common.collect.ImmutableCollection.ImmutableCollection()",1,1,1
"com.google.common.collect.ImmutableCollection.SerializedForm.SerializedForm(Object[])",1,1,1
"com.google.common.collect.ImmutableCollection.SerializedForm.readResolve()",1,2,2
"com.google.common.collect.ImmutableCollection.add(E)",1,1,1
"com.google.common.collect.ImmutableCollection.addAll(Collection<? extends E>)",1,1,1
"com.google.common.collect.ImmutableCollection.asList()",1,2,2
"com.google.common.collect.ImmutableCollection.clear()",1,1,1
"com.google.common.collect.ImmutableCollection.contains(Object)",1,2,2
"com.google.common.collect.ImmutableCollection.containsAll(Collection<?>)",1,1,1
"com.google.common.collect.ImmutableCollection.createAsList()",4,4,4
"com.google.common.collect.ImmutableCollection.isEmpty()",1,1,1
"com.google.common.collect.ImmutableCollection.remove(Object)",1,1,1
"com.google.common.collect.ImmutableCollection.removeAll(Collection<?>)",1,1,1
"com.google.common.collect.ImmutableCollection.retainAll(Collection<?>)",1,1,1
"com.google.common.collect.ImmutableCollection.toArray()",1,1,1
"com.google.common.collect.ImmutableCollection.toArray(T[])",1,1,1
"com.google.common.collect.ImmutableCollection.toString()",1,1,1
"com.google.common.collect.ImmutableCollection.writeReplace()",1,1,1
"com.google.common.collect.ImmutableEntry.ImmutableEntry(K,V)",1,1,1
"com.google.common.collect.ImmutableEntry.getKey()",1,1,1
"com.google.common.collect.ImmutableEntry.getValue()",1,1,1
"com.google.common.collect.ImmutableEntry.setValue(V)",1,1,1
"com.google.common.collect.ImmutableEntry_CustomFieldSerializer.deserialize(SerializationStreamReader,ImmutableEntry<?, ?>)",1,1,1
"com.google.common.collect.ImmutableEntry_CustomFieldSerializer.instantiate(SerializationStreamReader)",1,1,1
"com.google.common.collect.ImmutableEntry_CustomFieldSerializer.serialize(SerializationStreamWriter,ImmutableEntry<?, ?>)",1,1,1
"com.google.common.collect.ImmutableEnumSet.EnumSerializedForm.EnumSerializedForm(EnumSet<E>)",1,1,1
"com.google.common.collect.ImmutableEnumSet.EnumSerializedForm.readResolve()",1,1,1
"com.google.common.collect.ImmutableEnumSet.ImmutableEnumSet(EnumSet<E>)",1,1,1
"com.google.common.collect.ImmutableEnumSet.contains(Object)",1,1,1
"com.google.common.collect.ImmutableEnumSet.containsAll(Collection<?>)",1,1,1
"com.google.common.collect.ImmutableEnumSet.equals(Object)",1,2,2
"com.google.common.collect.ImmutableEnumSet.hashCode()",1,2,2
"com.google.common.collect.ImmutableEnumSet.isEmpty()",1,1,1
"com.google.common.collect.ImmutableEnumSet.isPartialView()",1,1,1
"com.google.common.collect.ImmutableEnumSet.iterator()",1,1,1
"com.google.common.collect.ImmutableEnumSet.size()",1,1,1
"com.google.common.collect.ImmutableEnumSet.toArray()",1,1,1
"com.google.common.collect.ImmutableEnumSet.toArray(T[])",1,1,1
"com.google.common.collect.ImmutableEnumSet.toString()",1,1,1
"com.google.common.collect.ImmutableEnumSet.writeReplace()",1,1,1
"com.google.common.collect.ImmutableEnumSet_CustomFieldSerializer.deserialize(SerializationStreamReader,ImmutableEnumSet<?>)",1,1,1
"com.google.common.collect.ImmutableEnumSet_CustomFieldSerializer.instantiate(SerializationStreamReader)",1,1,1
"com.google.common.collect.ImmutableEnumSet_CustomFieldSerializer.serialize(SerializationStreamWriter,ImmutableEnumSet<?>)",1,1,1
"com.google.common.collect.ImmutableList.Builder.Builder()",1,1,1
"com.google.common.collect.ImmutableList.Builder.Builder(int)",1,1,1
"com.google.common.collect.ImmutableList.Builder.add(E)",1,1,1
"com.google.common.collect.ImmutableList.Builder.add(E...)",1,2,2
"com.google.common.collect.ImmutableList.Builder.addAll(Iterable<? extends E>)",1,2,2
"com.google.common.collect.ImmutableList.Builder.addAll(Iterator<? extends E>)",1,1,1
"com.google.common.collect.ImmutableList.Builder.build()",4,4,5
"com.google.common.collect.ImmutableList.Builder.expandFor(int)",1,2,2
"com.google.common.collect.ImmutableList.ImmutableList()",1,1,1
"com.google.common.collect.ImmutableList.ReverseImmutableList.ReverseImmutableList(ImmutableList<E>)",1,1,1
"com.google.common.collect.ImmutableList.ReverseImmutableList.contains(Object)",1,1,1
"com.google.common.collect.ImmutableList.ReverseImmutableList.containsAll(Collection<?>)",1,1,1
"com.google.common.collect.ImmutableList.ReverseImmutableList.get(int)",1,1,1
"com.google.common.collect.ImmutableList.ReverseImmutableList.indexOf(Object)",1,2,2
"com.google.common.collect.ImmutableList.ReverseImmutableList.isEmpty()",1,1,1
"com.google.common.collect.ImmutableList.ReverseImmutableList.isPartialView()",1,1,1
"com.google.common.collect.ImmutableList.ReverseImmutableList.lastIndexOf(Object)",1,2,2
"com.google.common.collect.ImmutableList.ReverseImmutableList.listIterator(int)",1,1,1
"com.google.common.collect.ImmutableList.ReverseImmutableList.reverse()",1,1,1
"com.google.common.collect.ImmutableList.ReverseImmutableList.reverseIndex(int)",1,1,1
"com.google.common.collect.ImmutableList.ReverseImmutableList.reversePosition(int)",1,1,1
"com.google.common.collect.ImmutableList.ReverseImmutableList.size()",1,1,1
"com.google.common.collect.ImmutableList.ReverseImmutableList.subList(int,int)",1,1,1
"com.google.common.collect.ImmutableList.SerializedForm.SerializedForm(Object[])",1,1,1
"com.google.common.collect.ImmutableList.SerializedForm.readResolve()",1,1,1
"com.google.common.collect.ImmutableList.SubList.SubList(int,int)",1,1,1
"com.google.common.collect.ImmutableList.SubList.get(int)",1,1,1
"com.google.common.collect.ImmutableList.SubList.isPartialView()",1,1,1
"com.google.common.collect.ImmutableList.SubList.size()",1,1,1
"com.google.common.collect.ImmutableList.SubList.subList(int,int)",1,1,1
"com.google.common.collect.ImmutableList.add(int,E)",1,1,1
"com.google.common.collect.ImmutableList.addAll(int,Collection<? extends E>)",1,1,1
"com.google.common.collect.ImmutableList.asImmutableList(Object[])",3,3,4
"com.google.common.collect.ImmutableList.asList()",1,1,1
"com.google.common.collect.ImmutableList.builder()",1,1,1
"com.google.common.collect.ImmutableList.construct(Object...)",1,2,2
"com.google.common.collect.ImmutableList.contains(Object)",1,1,1
"com.google.common.collect.ImmutableList.copyFromCollection(Collection<? extends E>)",1,1,1
"com.google.common.collect.ImmutableList.copyOf(Collection<? extends E>)",2,3,3
"com.google.common.collect.ImmutableList.copyOf(E[])",4,3,4
"com.google.common.collect.ImmutableList.copyOf(Iterable<? extends E>)",1,2,2
"com.google.common.collect.ImmutableList.copyOf(Iterator<? extends E>)",3,3,3
"com.google.common.collect.ImmutableList.equals(Object)",1,1,1
"com.google.common.collect.ImmutableList.hashCode()",1,1,1
"com.google.common.collect.ImmutableList.indexOf(Object)",1,2,2
"com.google.common.collect.ImmutableList.iterator()",1,1,1
"com.google.common.collect.ImmutableList.lastIndexOf(Object)",1,2,2
"com.google.common.collect.ImmutableList.listIterator()",1,1,1
"com.google.common.collect.ImmutableList.listIterator(int)",1,1,1
"com.google.common.collect.ImmutableList.of()",1,1,1
"com.google.common.collect.ImmutableList.of(E)",1,1,1
"com.google.common.collect.ImmutableList.of(E,E)",1,1,1
"com.google.common.collect.ImmutableList.of(E,E,E)",1,1,1
"com.google.common.collect.ImmutableList.of(E,E,E,E)",1,1,1
"com.google.common.collect.ImmutableList.of(E,E,E,E,E)",1,1,1
"com.google.common.collect.ImmutableList.of(E,E,E,E,E,E)",1,1,1
"com.google.common.collect.ImmutableList.of(E,E,E,E,E,E,E)",1,1,1
"com.google.common.collect.ImmutableList.of(E,E,E,E,E,E,E,E)",1,1,1
"com.google.common.collect.ImmutableList.of(E,E,E,E,E,E,E,E,E)",1,1,1
"com.google.common.collect.ImmutableList.of(E,E,E,E,E,E,E,E,E,E)",1,1,1
"com.google.common.collect.ImmutableList.of(E,E,E,E,E,E,E,E,E,E,E)",1,1,1
"com.google.common.collect.ImmutableList.of(E,E,E,E,E,E,E,E,E,E,E,E,E...)",1,1,1
"com.google.common.collect.ImmutableList.readObject(ObjectInputStream)",1,1,1
"com.google.common.collect.ImmutableList.remove(int)",1,1,1
"com.google.common.collect.ImmutableList.reverse()",1,1,1
"com.google.common.collect.ImmutableList.set(int,E)",1,1,1
"com.google.common.collect.ImmutableList.subList(int,int)",4,4,4
"com.google.common.collect.ImmutableList.subListUnchecked(int,int)",1,1,1
"com.google.common.collect.ImmutableList.writeReplace()",1,1,1
"com.google.common.collect.ImmutableListMultimap.Builder.Builder()",1,1,1
"com.google.common.collect.ImmutableListMultimap.Builder.build()",1,1,1
"com.google.common.collect.ImmutableListMultimap.Builder.orderKeysBy(Comparator<? super K>)",1,1,1
"com.google.common.collect.ImmutableListMultimap.Builder.orderValuesBy(Comparator<? super V>)",1,1,1
"com.google.common.collect.ImmutableListMultimap.Builder.put(Entry<? extends K, ? extends V>)",1,1,1
"com.google.common.collect.ImmutableListMultimap.Builder.put(K,V)",1,1,1
"com.google.common.collect.ImmutableListMultimap.Builder.putAll(K,Iterable<? extends V>)",1,1,1
"com.google.common.collect.ImmutableListMultimap.Builder.putAll(K,V...)",1,1,1
"com.google.common.collect.ImmutableListMultimap.Builder.putAll(Multimap<? extends K, ? extends V>)",1,1,1
"com.google.common.collect.ImmutableListMultimap.ImmutableListMultimap(ImmutableMap<K, ImmutableList<V>>,int)",1,1,1
"com.google.common.collect.ImmutableListMultimap.builder()",1,1,1
"com.google.common.collect.ImmutableListMultimap.copyOf(Multimap<? extends K, ? extends V>)",4,5,6
"com.google.common.collect.ImmutableListMultimap.get(K)",1,2,2
"com.google.common.collect.ImmutableListMultimap.inverse()",1,2,2
"com.google.common.collect.ImmutableListMultimap.invert()",1,2,2
"com.google.common.collect.ImmutableListMultimap.of()",1,1,1
"com.google.common.collect.ImmutableListMultimap.of(K,V)",1,1,1
"com.google.common.collect.ImmutableListMultimap.of(K,V,K,V)",1,1,1
"com.google.common.collect.ImmutableListMultimap.of(K,V,K,V,K,V)",1,1,1
"com.google.common.collect.ImmutableListMultimap.of(K,V,K,V,K,V,K,V)",1,1,1
"com.google.common.collect.ImmutableListMultimap.of(K,V,K,V,K,V,K,V,K,V)",1,1,1
"com.google.common.collect.ImmutableListMultimap.readObject(ObjectInputStream)",4,4,6
"com.google.common.collect.ImmutableListMultimap.removeAll(Object)",1,1,1
"com.google.common.collect.ImmutableListMultimap.replaceValues(K,Iterable<? extends V>)",1,1,1
"com.google.common.collect.ImmutableListMultimap.writeObject(ObjectOutputStream)",1,1,1
"com.google.common.collect.ImmutableListMultimap_CustomFieldSerializer.deserialize(SerializationStreamReader,ImmutableListMultimap<?, ?>)",1,1,1
"com.google.common.collect.ImmutableListMultimap_CustomFieldSerializer.instantiate(SerializationStreamReader)",1,1,1
"com.google.common.collect.ImmutableListMultimap_CustomFieldSerializer.serialize(SerializationStreamWriter,ImmutableListMultimap<?, ?>)",1,1,1
"com.google.common.collect.ImmutableMap.Builder.Builder()",1,1,1
"com.google.common.collect.ImmutableMap.Builder.build()",1,1,1
"com.google.common.collect.ImmutableMap.Builder.fromEntryList(List<Entry<K, V>>)",4,4,4
"com.google.common.collect.ImmutableMap.Builder.put(Entry<? extends K, ? extends V>)",1,2,2
"com.google.common.collect.ImmutableMap.Builder.put(K,V)",1,1,1
"com.google.common.collect.ImmutableMap.Builder.putAll(Map<? extends K, ? extends V>)",1,2,2
"com.google.common.collect.ImmutableMap.ImmutableMap()",1,1,1
"com.google.common.collect.ImmutableMap.SerializedForm.SerializedForm(ImmutableMap<?, ?>)",1,2,2
"com.google.common.collect.ImmutableMap.SerializedForm.createMap(Builder<Object, Object>)",1,2,2
"com.google.common.collect.ImmutableMap.SerializedForm.readResolve()",1,1,1
"com.google.common.collect.ImmutableMap.builder()",1,1,1
"com.google.common.collect.ImmutableMap.clear()",1,1,1
"com.google.common.collect.ImmutableMap.containsKey(Object)",1,1,1
"com.google.common.collect.ImmutableMap.containsValue(Object)",1,2,2
"com.google.common.collect.ImmutableMap.copyOf(Map<? extends K, ? extends V>)",6,6,8
"com.google.common.collect.ImmutableMap.createKeySet()",1,1,1
"com.google.common.collect.ImmutableMap.createValues()",1,1,1
"com.google.common.collect.ImmutableMap.entryOf(K,V)",1,1,1
"com.google.common.collect.ImmutableMap.entrySet()",1,2,2
"com.google.common.collect.ImmutableMap.equals(Object)",1,1,1
"com.google.common.collect.ImmutableMap.hashCode()",1,1,1
"com.google.common.collect.ImmutableMap.isEmpty()",1,1,1
"com.google.common.collect.ImmutableMap.keySet()",1,2,2
"com.google.common.collect.ImmutableMap.of()",1,1,1
"com.google.common.collect.ImmutableMap.of(K,V)",1,1,1
"com.google.common.collect.ImmutableMap.of(K,V,K,V)",1,1,1
"com.google.common.collect.ImmutableMap.of(K,V,K,V,K,V)",1,1,1
"com.google.common.collect.ImmutableMap.of(K,V,K,V,K,V,K,V)",1,1,1
"com.google.common.collect.ImmutableMap.of(K,V,K,V,K,V,K,V,K,V)",1,1,1
"com.google.common.collect.ImmutableMap.put(K,V)",1,1,1
"com.google.common.collect.ImmutableMap.putAll(Map<? extends K, ? extends V>)",1,1,1
"com.google.common.collect.ImmutableMap.remove(Object)",1,1,1
"com.google.common.collect.ImmutableMap.toString()",1,1,1
"com.google.common.collect.ImmutableMap.values()",1,2,2
"com.google.common.collect.ImmutableMap.writeReplace()",1,1,1
"com.google.common.collect.ImmutableMapEntrySet.EntrySetSerializedForm.EntrySetSerializedForm(ImmutableMap<K, V>)",1,1,1
"com.google.common.collect.ImmutableMapEntrySet.EntrySetSerializedForm.readResolve()",1,1,1
"com.google.common.collect.ImmutableMapEntrySet.ImmutableMapEntrySet()",1,1,1
"com.google.common.collect.ImmutableMapEntrySet.contains(Object)",2,3,3
"com.google.common.collect.ImmutableMapEntrySet.isPartialView()",1,1,1
"com.google.common.collect.ImmutableMapEntrySet.size()",1,1,1
"com.google.common.collect.ImmutableMapEntrySet.writeReplace()",1,1,1
"com.google.common.collect.ImmutableMapKeySet.ImmutableMapKeySet(ImmutableSet<Entry<K, V>>)",1,1,1
"com.google.common.collect.ImmutableMapKeySet.ImmutableMapKeySet(ImmutableSet<Entry<K, V>>,int)",1,1,1
"com.google.common.collect.ImmutableMapKeySet.KeySetSerializedForm.KeySetSerializedForm(ImmutableMap<K, ?>)",1,1,1
"com.google.common.collect.ImmutableMapKeySet.KeySetSerializedForm.readResolve()",1,1,1
"com.google.common.collect.ImmutableMapKeySet.contains(Object)",1,1,1
"com.google.common.collect.ImmutableMapKeySet.createAsList()",1,1,1
"com.google.common.collect.ImmutableMapKeySet.isPartialView()",1,1,1
"com.google.common.collect.ImmutableMapKeySet.transform(Entry<K, V>)",1,1,1
"com.google.common.collect.ImmutableMapKeySet.writeReplace()",1,1,1
"com.google.common.collect.ImmutableMapValues.ImmutableMapValues()",1,1,1
"com.google.common.collect.ImmutableMapValues.SerializedForm.SerializedForm(ImmutableMap<?, V>)",1,1,1
"com.google.common.collect.ImmutableMapValues.SerializedForm.readResolve()",1,1,1
"com.google.common.collect.ImmutableMapValues.contains(Object)",1,1,1
"com.google.common.collect.ImmutableMapValues.createAsList()",1,1,1
"com.google.common.collect.ImmutableMapValues.isPartialView()",1,1,1
"com.google.common.collect.ImmutableMapValues.iterator()",1,1,1
"com.google.common.collect.ImmutableMapValues.size()",1,1,1
"com.google.common.collect.ImmutableMapValues.writeReplace()",1,1,1
"com.google.common.collect.ImmutableMultimap.Builder.Builder()",1,1,1
"com.google.common.collect.ImmutableMultimap.Builder.build()",1,5,5
"com.google.common.collect.ImmutableMultimap.Builder.orderKeysBy(Comparator<? super K>)",1,1,1
"com.google.common.collect.ImmutableMultimap.Builder.orderValuesBy(Comparator<? super V>)",1,1,1
"com.google.common.collect.ImmutableMultimap.Builder.put(Entry<? extends K, ? extends V>)",1,1,1
"com.google.common.collect.ImmutableMultimap.Builder.put(K,V)",1,1,1
"com.google.common.collect.ImmutableMultimap.Builder.putAll(K,Iterable<? extends V>)",1,2,2
"com.google.common.collect.ImmutableMultimap.Builder.putAll(K,V...)",1,1,1
"com.google.common.collect.ImmutableMultimap.Builder.putAll(Multimap<? extends K, ? extends V>)",1,2,2
"com.google.common.collect.ImmutableMultimap.BuilderMultimap.BuilderMultimap()",1,1,1
"com.google.common.collect.ImmutableMultimap.BuilderMultimap.createCollection()",1,1,1
"com.google.common.collect.ImmutableMultimap.EntryCollection.EntryCollection(ImmutableMultimap<K, V>)",1,1,1
"com.google.common.collect.ImmutableMultimap.EntryCollection.contains(Object)",2,2,2
"com.google.common.collect.ImmutableMultimap.EntryCollection.isPartialView()",1,1,1
"com.google.common.collect.ImmutableMultimap.EntryCollection.iterator()",1,5,5
"com.google.common.collect.ImmutableMultimap.EntryCollection.size()",1,1,1
"com.google.common.collect.ImmutableMultimap.ImmutableMultimap(ImmutableMap<K, ? extends ImmutableCollection<V>>,int)",1,1,1
"com.google.common.collect.ImmutableMultimap.Keys.KeysEntrySet.createAsList()",1,1,1
"com.google.common.collect.ImmutableMultimap.Keys.KeysEntrySet.iterator()",1,1,1
"com.google.common.collect.ImmutableMultimap.Keys.KeysEntrySet.size()",1,1,1
"com.google.common.collect.ImmutableMultimap.Keys.contains(Object)",1,1,1
"com.google.common.collect.ImmutableMultimap.Keys.count(Object)",1,2,2
"com.google.common.collect.ImmutableMultimap.Keys.createEntrySet()",1,1,1
"com.google.common.collect.ImmutableMultimap.Keys.elementSet()",1,1,1
"com.google.common.collect.ImmutableMultimap.Keys.isPartialView()",1,1,1
"com.google.common.collect.ImmutableMultimap.Keys.size()",1,1,1
"com.google.common.collect.ImmutableMultimap.Values.Values(ImmutableMultimap<?, V>)",1,1,1
"com.google.common.collect.ImmutableMultimap.Values.isPartialView()",1,1,1
"com.google.common.collect.ImmutableMultimap.Values.iterator()",1,1,1
"com.google.common.collect.ImmutableMultimap.Values.size()",1,1,1
"com.google.common.collect.ImmutableMultimap.asMap()",1,1,1
"com.google.common.collect.ImmutableMultimap.builder()",1,1,1
"com.google.common.collect.ImmutableMultimap.clear()",1,1,1
"com.google.common.collect.ImmutableMultimap.containsEntry(Object,Object)",1,2,2
"com.google.common.collect.ImmutableMultimap.containsKey(Object)",1,1,1
"com.google.common.collect.ImmutableMultimap.containsValue(Object)",3,2,3
"com.google.common.collect.ImmutableMultimap.copyOf(Multimap<? extends K, ? extends V>)",3,2,3
"com.google.common.collect.ImmutableMultimap.createKeys()",1,1,1
"com.google.common.collect.ImmutableMultimap.entries()",1,1,2
"com.google.common.collect.ImmutableMultimap.equals(Object)",2,2,2
"com.google.common.collect.ImmutableMultimap.hashCode()",1,1,1
"com.google.common.collect.ImmutableMultimap.isEmpty()",1,1,1
"com.google.common.collect.ImmutableMultimap.isPartialView()",1,1,1
"com.google.common.collect.ImmutableMultimap.keySet()",1,1,1
"com.google.common.collect.ImmutableMultimap.keys()",1,2,2
"com.google.common.collect.ImmutableMultimap.of()",1,1,1
"com.google.common.collect.ImmutableMultimap.of(K,V)",1,1,1
"com.google.common.collect.ImmutableMultimap.of(K,V,K,V)",1,1,1
"com.google.common.collect.ImmutableMultimap.of(K,V,K,V,K,V)",1,1,1
"com.google.common.collect.ImmutableMultimap.of(K,V,K,V,K,V,K,V)",1,1,1
"com.google.common.collect.ImmutableMultimap.of(K,V,K,V,K,V,K,V,K,V)",1,1,1
"com.google.common.collect.ImmutableMultimap.put(K,V)",1,1,1
"com.google.common.collect.ImmutableMultimap.putAll(K,Iterable<? extends V>)",1,1,1
"com.google.common.collect.ImmutableMultimap.putAll(Multimap<? extends K, ? extends V>)",1,1,1
"com.google.common.collect.ImmutableMultimap.remove(Object,Object)",1,1,1
"com.google.common.collect.ImmutableMultimap.removeAll(Object)",1,1,1
"com.google.common.collect.ImmutableMultimap.replaceValues(K,Iterable<? extends V>)",1,1,1
"com.google.common.collect.ImmutableMultimap.size()",1,1,1
"com.google.common.collect.ImmutableMultimap.toString()",1,1,1
"com.google.common.collect.ImmutableMultimap.values()",1,1,2
"com.google.common.collect.ImmutableMultiset.Builder.Builder()",1,1,1
"com.google.common.collect.ImmutableMultiset.Builder.Builder(Multiset<E>)",1,1,1
"com.google.common.collect.ImmutableMultiset.Builder.add(E)",1,1,1
"com.google.common.collect.ImmutableMultiset.Builder.add(E...)",1,1,1
"com.google.common.collect.ImmutableMultiset.Builder.addAll(Iterable<? extends E>)",1,3,3
"com.google.common.collect.ImmutableMultiset.Builder.addAll(Iterator<? extends E>)",1,1,1
"com.google.common.collect.ImmutableMultiset.Builder.addCopies(E,int)",1,1,1
"com.google.common.collect.ImmutableMultiset.Builder.build()",1,1,1
"com.google.common.collect.ImmutableMultiset.Builder.setCount(E,int)",1,1,1
"com.google.common.collect.ImmutableMultiset.EntrySet.contains(Object)",3,2,3
"com.google.common.collect.ImmutableMultiset.EntrySet.hashCode()",1,1,1
"com.google.common.collect.ImmutableMultiset.EntrySet.isPartialView()",1,1,1
"com.google.common.collect.ImmutableMultiset.EntrySet.toArray()",1,1,1
"com.google.common.collect.ImmutableMultiset.EntrySet.toArray(T[])",1,2,4
"com.google.common.collect.ImmutableMultiset.EntrySet.writeReplace()",1,1,1
"com.google.common.collect.ImmutableMultiset.EntrySetSerializedForm.EntrySetSerializedForm(ImmutableMultiset<E>)",1,1,1
"com.google.common.collect.ImmutableMultiset.EntrySetSerializedForm.readResolve()",1,1,1
"com.google.common.collect.ImmutableMultiset.ImmutableMultiset()",1,1,1
"com.google.common.collect.ImmutableMultiset.SerializedForm.SerializedForm(Multiset<?>)",1,2,2
"com.google.common.collect.ImmutableMultiset.SerializedForm.readResolve()",1,2,2
"com.google.common.collect.ImmutableMultiset.add(E,int)",1,1,1
"com.google.common.collect.ImmutableMultiset.builder()",1,1,1
"com.google.common.collect.ImmutableMultiset.contains(Object)",1,1,1
"com.google.common.collect.ImmutableMultiset.containsAll(Collection<?>)",1,1,1
"com.google.common.collect.ImmutableMultiset.copyFromEntries(Collection<? extends Entry<? extends E>>)",2,4,4
"com.google.common.collect.ImmutableMultiset.copyOf(E[])",1,1,1
"com.google.common.collect.ImmutableMultiset.copyOf(Iterable<? extends E>)",3,3,4
"com.google.common.collect.ImmutableMultiset.copyOf(Iterator<? extends E>)",1,1,1
"com.google.common.collect.ImmutableMultiset.copyOfInternal(E...)",1,1,1
"com.google.common.collect.ImmutableMultiset.copyOfInternal(Multiset<? extends E>)",1,1,1
"com.google.common.collect.ImmutableMultiset.entrySet()",1,2,2
"com.google.common.collect.ImmutableMultiset.equals(Object)",6,3,6
"com.google.common.collect.ImmutableMultiset.hashCode()",1,1,1
"com.google.common.collect.ImmutableMultiset.iterator()",1,3,3
"com.google.common.collect.ImmutableMultiset.of()",1,1,1
"com.google.common.collect.ImmutableMultiset.of(E)",1,1,1
"com.google.common.collect.ImmutableMultiset.of(E,E)",1,1,1
"com.google.common.collect.ImmutableMultiset.of(E,E,E)",1,1,1
"com.google.common.collect.ImmutableMultiset.of(E,E,E,E)",1,1,1
"com.google.common.collect.ImmutableMultiset.of(E,E,E,E,E)",1,1,1
"com.google.common.collect.ImmutableMultiset.of(E,E,E,E,E,E,E...)",1,1,1
"com.google.common.collect.ImmutableMultiset.remove(Object,int)",1,1,1
"com.google.common.collect.ImmutableMultiset.setCount(E,int)",1,1,1
"com.google.common.collect.ImmutableMultiset.setCount(E,int,int)",1,1,1
"com.google.common.collect.ImmutableMultiset.toString()",1,1,1
"com.google.common.collect.ImmutableMultiset.writeReplace()",1,1,1
"com.google.common.collect.ImmutableSet.ArrayImmutableSet.ArrayImmutableSet(Object[])",1,1,1
"com.google.common.collect.ImmutableSet.ArrayImmutableSet.containsAll(Collection<?>)",6,3,6
"com.google.common.collect.ImmutableSet.ArrayImmutableSet.createAsList()",1,1,1
"com.google.common.collect.ImmutableSet.ArrayImmutableSet.isEmpty()",1,1,1
"com.google.common.collect.ImmutableSet.ArrayImmutableSet.isPartialView()",1,1,1
"com.google.common.collect.ImmutableSet.ArrayImmutableSet.iterator()",1,1,1
"com.google.common.collect.ImmutableSet.ArrayImmutableSet.size()",1,1,1
"com.google.common.collect.ImmutableSet.ArrayImmutableSet.toArray()",1,1,1
"com.google.common.collect.ImmutableSet.ArrayImmutableSet.toArray(T[])",1,1,1
"com.google.common.collect.ImmutableSet.Builder.Builder()",1,1,1
"com.google.common.collect.ImmutableSet.Builder.Builder(int)",1,1,1
"com.google.common.collect.ImmutableSet.Builder.add(E)",1,1,1
"com.google.common.collect.ImmutableSet.Builder.add(E...)",1,2,2
"com.google.common.collect.ImmutableSet.Builder.addAll(Iterable<? extends E>)",1,2,2
"com.google.common.collect.ImmutableSet.Builder.addAll(Iterator<? extends E>)",1,1,1
"com.google.common.collect.ImmutableSet.Builder.build()",1,1,1
"com.google.common.collect.ImmutableSet.Builder.expandFor(int)",1,2,2
"com.google.common.collect.ImmutableSet.ImmutableSet()",1,1,1
"com.google.common.collect.ImmutableSet.SerializedForm.SerializedForm(Object[])",1,1,1
"com.google.common.collect.ImmutableSet.SerializedForm.readResolve()",1,1,1
"com.google.common.collect.ImmutableSet.builder()",1,1,1
"com.google.common.collect.ImmutableSet.chooseTableSize(int)",2,2,3
"com.google.common.collect.ImmutableSet.construct(int,Object...)",9,9,10
"com.google.common.collect.ImmutableSet.copyFromCollection(Collection<? extends E>)",3,3,4
"com.google.common.collect.ImmutableSet.copyOf(Collection<? extends E>)",3,2,4
"com.google.common.collect.ImmutableSet.copyOf(E[])",4,4,4
"com.google.common.collect.ImmutableSet.copyOf(Iterable<? extends E>)",1,2,2
"com.google.common.collect.ImmutableSet.copyOf(Iterator<? extends E>)",3,3,3
"com.google.common.collect.ImmutableSet.equals(Object)",3,4,6
"com.google.common.collect.ImmutableSet.hashCode()",1,1,1
"com.google.common.collect.ImmutableSet.isHashCodeFast()",1,1,1
"com.google.common.collect.ImmutableSet.of()",1,1,1
"com.google.common.collect.ImmutableSet.of(E)",1,1,1
"com.google.common.collect.ImmutableSet.of(E,E)",1,1,1
"com.google.common.collect.ImmutableSet.of(E,E,E)",1,1,1
"com.google.common.collect.ImmutableSet.of(E,E,E,E)",1,1,1
"com.google.common.collect.ImmutableSet.of(E,E,E,E,E)",1,1,1
"com.google.common.collect.ImmutableSet.of(E,E,E,E,E,E,E...)",1,1,1
"com.google.common.collect.ImmutableSet.writeReplace()",1,1,1
"com.google.common.collect.ImmutableSetMultimap.Builder.Builder()",1,1,1
"com.google.common.collect.ImmutableSetMultimap.Builder.build()",1,3,3
"com.google.common.collect.ImmutableSetMultimap.Builder.orderKeysBy(Comparator<? super K>)",1,1,1
"com.google.common.collect.ImmutableSetMultimap.Builder.orderValuesBy(Comparator<? super V>)",1,1,1
"com.google.common.collect.ImmutableSetMultimap.Builder.put(Entry<? extends K, ? extends V>)",1,1,1
"com.google.common.collect.ImmutableSetMultimap.Builder.put(K,V)",1,1,1
"com.google.common.collect.ImmutableSetMultimap.Builder.putAll(K,Iterable<? extends V>)",1,2,2
"com.google.common.collect.ImmutableSetMultimap.Builder.putAll(K,V...)",1,1,1
"com.google.common.collect.ImmutableSetMultimap.Builder.putAll(Multimap<? extends K, ? extends V>)",1,2,2
"com.google.common.collect.ImmutableSetMultimap.BuilderMultimap.BuilderMultimap()",1,1,1
"com.google.common.collect.ImmutableSetMultimap.BuilderMultimap.createCollection()",1,1,1
"com.google.common.collect.ImmutableSetMultimap.ImmutableSetMultimap(ImmutableMap<K, ImmutableSet<V>>,int,Comparator<? super V>)",1,2,2
"com.google.common.collect.ImmutableSetMultimap.SortedKeyBuilderMultimap.SortedKeyBuilderMultimap(Comparator<? super K>,Multimap<K, V>)",1,1,1
"com.google.common.collect.ImmutableSetMultimap.SortedKeyBuilderMultimap.createCollection()",1,1,1
"com.google.common.collect.ImmutableSetMultimap.builder()",1,1,1
"com.google.common.collect.ImmutableSetMultimap.copyOf(Multimap<? extends K, ? extends V>)",1,1,1
"com.google.common.collect.ImmutableSetMultimap.copyOf(Multimap<? extends K, ? extends V>,Comparator<? super V>)",4,7,8
"com.google.common.collect.ImmutableSetMultimap.entries()",1,2,2
"com.google.common.collect.ImmutableSetMultimap.get(K)",3,3,3
"com.google.common.collect.ImmutableSetMultimap.inverse()",1,2,2
"com.google.common.collect.ImmutableSetMultimap.invert()",1,2,2
"com.google.common.collect.ImmutableSetMultimap.of()",1,1,1
"com.google.common.collect.ImmutableSetMultimap.of(K,V)",1,1,1
"com.google.common.collect.ImmutableSetMultimap.of(K,V,K,V)",1,1,1
"com.google.common.collect.ImmutableSetMultimap.of(K,V,K,V,K,V)",1,1,1
"com.google.common.collect.ImmutableSetMultimap.of(K,V,K,V,K,V,K,V)",1,1,1
"com.google.common.collect.ImmutableSetMultimap.of(K,V,K,V,K,V,K,V,K,V)",1,1,1
"com.google.common.collect.ImmutableSetMultimap.readObject(ObjectInputStream)",5,4,7
"com.google.common.collect.ImmutableSetMultimap.removeAll(Object)",1,1,1
"com.google.common.collect.ImmutableSetMultimap.replaceValues(K,Iterable<? extends V>)",1,1,1
"com.google.common.collect.ImmutableSetMultimap.writeObject(ObjectOutputStream)",1,1,1
"com.google.common.collect.ImmutableSetMultimap_CustomFieldSerializer.deserialize(SerializationStreamReader,ImmutableSetMultimap<?, ?>)",1,1,1
"com.google.common.collect.ImmutableSetMultimap_CustomFieldSerializer.instantiate(SerializationStreamReader)",1,1,1
"com.google.common.collect.ImmutableSetMultimap_CustomFieldSerializer.serialize(SerializationStreamWriter,ImmutableSetMultimap<?, ?>)",1,1,1
"com.google.common.collect.ImmutableSortedAsList.ImmutableSortedAsList(ImmutableSortedSet<E>,ImmutableList<E>)",1,1,1
"com.google.common.collect.ImmutableSortedAsList.comparator()",1,1,1
"com.google.common.collect.ImmutableSortedAsList.contains(Object)",1,1,1
"com.google.common.collect.ImmutableSortedAsList.delegateCollection()",1,1,1
"com.google.common.collect.ImmutableSortedAsList.indexOf(Object)",1,2,3
"com.google.common.collect.ImmutableSortedAsList.lastIndexOf(Object)",1,1,1
"com.google.common.collect.ImmutableSortedAsList.subListUnchecked(int,int)",1,1,1
"com.google.common.collect.ImmutableSortedMap.Builder.Builder(Comparator<? super K>)",1,1,1
"com.google.common.collect.ImmutableSortedMap.Builder.build()",1,1,1
"com.google.common.collect.ImmutableSortedMap.Builder.put(Entry<? extends K, ? extends V>)",1,1,1
"com.google.common.collect.ImmutableSortedMap.Builder.put(K,V)",1,1,1
"com.google.common.collect.ImmutableSortedMap.Builder.putAll(Map<? extends K, ? extends V>)",1,2,2
"com.google.common.collect.ImmutableSortedMap.ImmutableSortedMap()",1,1,1
"com.google.common.collect.ImmutableSortedMap.ImmutableSortedMap(ImmutableSortedMap<K, V>)",1,1,1
"com.google.common.collect.ImmutableSortedMap.SerializedForm.SerializedForm(ImmutableSortedMap<?, ?>)",1,1,1
"com.google.common.collect.ImmutableSortedMap.SerializedForm.readResolve()",1,1,1
"com.google.common.collect.ImmutableSortedMap.ceilingEntry(K)",1,1,1
"com.google.common.collect.ImmutableSortedMap.ceilingKey(K)",1,1,1
"com.google.common.collect.ImmutableSortedMap.comparator()",1,1,1
"com.google.common.collect.ImmutableSortedMap.containsValue(Object)",1,1,1
"com.google.common.collect.ImmutableSortedMap.copyOf(Map<? extends K, ? extends V>)",1,1,1
"com.google.common.collect.ImmutableSortedMap.copyOf(Map<? extends K, ? extends V>,Comparator<? super K>)",1,1,1
"com.google.common.collect.ImmutableSortedMap.copyOfInternal(Map<? extends K, ? extends V>,Comparator<? super K>)",3,6,8
"com.google.common.collect.ImmutableSortedMap.copyOfSorted(SortedMap<K, ? extends V>)",1,1,2
"com.google.common.collect.ImmutableSortedMap.descendingKeySet()",1,1,1
"com.google.common.collect.ImmutableSortedMap.descendingMap()",1,2,2
"com.google.common.collect.ImmutableSortedMap.emptyMap(Comparator<? super K>)",2,2,2
"com.google.common.collect.ImmutableSortedMap.entrySet()",1,1,1
"com.google.common.collect.ImmutableSortedMap.firstEntry()",1,2,2
"com.google.common.collect.ImmutableSortedMap.firstKey()",1,1,1
"com.google.common.collect.ImmutableSortedMap.floorEntry(K)",1,1,1
"com.google.common.collect.ImmutableSortedMap.floorKey(K)",1,1,1
"com.google.common.collect.ImmutableSortedMap.from(ImmutableSortedSet<K>,ImmutableList<V>)",2,2,2
"com.google.common.collect.ImmutableSortedMap.fromSortedEntries(Comparator<? super K>,Collection<? extends Entry<? extends K, ? extends V>>)",2,3,3
"com.google.common.collect.ImmutableSortedMap.headMap(K)",1,1,1
"com.google.common.collect.ImmutableSortedMap.higherEntry(K)",1,1,1
"com.google.common.collect.ImmutableSortedMap.higherKey(K)",1,1,1
"com.google.common.collect.ImmutableSortedMap.isPartialView()",1,2,2
"com.google.common.collect.ImmutableSortedMap.lastEntry()",1,2,2
"com.google.common.collect.ImmutableSortedMap.lastKey()",1,1,1
"com.google.common.collect.ImmutableSortedMap.lowerEntry(K)",1,1,1
"com.google.common.collect.ImmutableSortedMap.lowerKey(K)",1,1,1
"com.google.common.collect.ImmutableSortedMap.naturalOrder()",1,1,1
"com.google.common.collect.ImmutableSortedMap.navigableKeySet()",1,1,1
"com.google.common.collect.ImmutableSortedMap.of()",1,1,1
"com.google.common.collect.ImmutableSortedMap.of(K,V)",1,1,1
"com.google.common.collect.ImmutableSortedMap.of(K,V,K,V)",1,1,1
"com.google.common.collect.ImmutableSortedMap.of(K,V,K,V,K,V)",1,1,1
"com.google.common.collect.ImmutableSortedMap.of(K,V,K,V,K,V,K,V)",1,1,1
"com.google.common.collect.ImmutableSortedMap.of(K,V,K,V,K,V,K,V,K,V)",1,1,1
"com.google.common.collect.ImmutableSortedMap.orderedBy(Comparator<K>)",1,1,1
"com.google.common.collect.ImmutableSortedMap.pollFirstEntry()",1,1,1
"com.google.common.collect.ImmutableSortedMap.pollLastEntry()",1,1,1
"com.google.common.collect.ImmutableSortedMap.reverseOrder()",1,1,1
"com.google.common.collect.ImmutableSortedMap.size()",1,1,1
"com.google.common.collect.ImmutableSortedMap.sortEntries(List<Entry<K, V>>,Comparator<? super K>)",1,1,1
"com.google.common.collect.ImmutableSortedMap.subMap(K,K)",1,1,1
"com.google.common.collect.ImmutableSortedMap.subMap(K,boolean,K,boolean)",1,1,1
"com.google.common.collect.ImmutableSortedMap.tailMap(K)",1,1,1
"com.google.common.collect.ImmutableSortedMap.validateEntries(List<Entry<K, V>>,Comparator<? super K>)",3,3,3
"com.google.common.collect.ImmutableSortedMap.writeReplace()",1,1,1
"com.google.common.collect.ImmutableSortedMapFauxverideShim.builder()",1,1,1
"com.google.common.collect.ImmutableSortedMapFauxverideShim.of(K,V)",1,1,1
"com.google.common.collect.ImmutableSortedMapFauxverideShim.of(K,V,K,V)",1,1,1
"com.google.common.collect.ImmutableSortedMapFauxverideShim.of(K,V,K,V,K,V)",1,1,1
"com.google.common.collect.ImmutableSortedMapFauxverideShim.of(K,V,K,V,K,V,K,V)",1,1,1
"com.google.common.collect.ImmutableSortedMapFauxverideShim.of(K,V,K,V,K,V,K,V,K,V)",1,1,1
"com.google.common.collect.ImmutableSortedMap_CustomFieldSerializerBase.ImmutableSortedMap_CustomFieldSerializerBase()",1,1,1
"com.google.common.collect.ImmutableSortedMap_CustomFieldSerializerBase.instantiate(SerializationStreamReader)",1,1,1
"com.google.common.collect.ImmutableSortedMap_CustomFieldSerializerBase.serialize(SerializationStreamWriter,ImmutableSortedMap<?, ?>)",1,1,1
"com.google.common.collect.ImmutableSortedMultiset.Builder.Builder(Comparator<? super E>)",1,1,1
"com.google.common.collect.ImmutableSortedMultiset.Builder.add(E)",1,1,1
"com.google.common.collect.ImmutableSortedMultiset.Builder.add(E...)",1,1,1
"com.google.common.collect.ImmutableSortedMultiset.Builder.addAll(Iterable<? extends E>)",1,1,1
"com.google.common.collect.ImmutableSortedMultiset.Builder.addAll(Iterator<? extends E>)",1,1,1
"com.google.common.collect.ImmutableSortedMultiset.Builder.addCopies(E,int)",1,1,1
"com.google.common.collect.ImmutableSortedMultiset.Builder.build()",1,1,1
"com.google.common.collect.ImmutableSortedMultiset.Builder.setCount(E,int)",1,1,1
"com.google.common.collect.ImmutableSortedMultiset.ImmutableSortedMultiset()",1,1,1
"com.google.common.collect.ImmutableSortedMultiset.SerializedForm.SerializedForm(SortedMultiset<?>)",1,2,2
"com.google.common.collect.ImmutableSortedMultiset.SerializedForm.readResolve()",1,2,2
"com.google.common.collect.ImmutableSortedMultiset.comparator()",1,1,1
"com.google.common.collect.ImmutableSortedMultiset.copyOf(Comparator<? super E>,Iterable<? extends E>)",4,4,4
"com.google.common.collect.ImmutableSortedMultiset.copyOf(Comparator<? super E>,Iterator<? extends E>)",1,1,1
"com.google.common.collect.ImmutableSortedMultiset.copyOf(E[])",1,1,1
"com.google.common.collect.ImmutableSortedMultiset.copyOf(Iterable<? extends E>)",1,1,1
"com.google.common.collect.ImmutableSortedMultiset.copyOf(Iterator<? extends E>)",1,1,1
"com.google.common.collect.ImmutableSortedMultiset.copyOfSorted(SortedMultiset<E>)",1,1,1
"com.google.common.collect.ImmutableSortedMultiset.copyOfSortedEntries(Comparator<? super E>,Collection<Entry<E>>)",2,3,3
"com.google.common.collect.ImmutableSortedMultiset.descendingMultiset()",2,1,2
"com.google.common.collect.ImmutableSortedMultiset.emptyMultiset(Comparator<? super E>)",2,1,2
"com.google.common.collect.ImmutableSortedMultiset.naturalOrder()",1,1,1
"com.google.common.collect.ImmutableSortedMultiset.of()",1,1,1
"com.google.common.collect.ImmutableSortedMultiset.of(E)",1,1,1
"com.google.common.collect.ImmutableSortedMultiset.of(E,E)",1,1,1
"com.google.common.collect.ImmutableSortedMultiset.of(E,E,E)",1,1,1
"com.google.common.collect.ImmutableSortedMultiset.of(E,E,E,E)",1,1,1
"com.google.common.collect.ImmutableSortedMultiset.of(E,E,E,E,E)",1,1,1
"com.google.common.collect.ImmutableSortedMultiset.of(E,E,E,E,E,E,E...)",1,1,1
"com.google.common.collect.ImmutableSortedMultiset.orderedBy(Comparator<E>)",1,1,1
"com.google.common.collect.ImmutableSortedMultiset.pollFirstEntry()",1,1,1
"com.google.common.collect.ImmutableSortedMultiset.pollLastEntry()",1,1,1
"com.google.common.collect.ImmutableSortedMultiset.reverseOrder()",1,1,1
"com.google.common.collect.ImmutableSortedMultiset.subMultiset(E,BoundType,E,BoundType)",1,1,1
"com.google.common.collect.ImmutableSortedMultiset.writeReplace()",1,1,1
"com.google.common.collect.ImmutableSortedMultisetFauxverideShim.builder()",1,1,1
"com.google.common.collect.ImmutableSortedMultisetFauxverideShim.copyOf(E[])",1,1,1
"com.google.common.collect.ImmutableSortedMultisetFauxverideShim.of(E)",1,1,1
"com.google.common.collect.ImmutableSortedMultisetFauxverideShim.of(E,E)",1,1,1
"com.google.common.collect.ImmutableSortedMultisetFauxverideShim.of(E,E,E)",1,1,1
"com.google.common.collect.ImmutableSortedMultisetFauxverideShim.of(E,E,E,E)",1,1,1
"com.google.common.collect.ImmutableSortedMultisetFauxverideShim.of(E,E,E,E,E)",1,1,1
"com.google.common.collect.ImmutableSortedMultisetFauxverideShim.of(E,E,E,E,E,E,E...)",1,1,1
"com.google.common.collect.ImmutableSortedSet.Builder.Builder(Comparator<? super E>)",1,1,1
"com.google.common.collect.ImmutableSortedSet.Builder.add(E)",1,1,1
"com.google.common.collect.ImmutableSortedSet.Builder.add(E...)",1,1,1
"com.google.common.collect.ImmutableSortedSet.Builder.addAll(Iterable<? extends E>)",1,1,1
"com.google.common.collect.ImmutableSortedSet.Builder.addAll(Iterator<? extends E>)",1,1,1
"com.google.common.collect.ImmutableSortedSet.Builder.build()",1,1,1
"com.google.common.collect.ImmutableSortedSet.ImmutableSortedSet(Comparator<? super E>)",1,1,1
"com.google.common.collect.ImmutableSortedSet.SerializedForm.SerializedForm(Comparator<? super E>,Object[])",1,1,1
"com.google.common.collect.ImmutableSortedSet.SerializedForm.readResolve()",1,1,1
"com.google.common.collect.ImmutableSortedSet.ceiling(E)",1,1,1
"com.google.common.collect.ImmutableSortedSet.comparator()",1,1,1
"com.google.common.collect.ImmutableSortedSet.construct(Comparator<? super E>,int,E...)",2,3,3
"com.google.common.collect.ImmutableSortedSet.copyOf(Collection<? extends E>)",1,1,1
"com.google.common.collect.ImmutableSortedSet.copyOf(Comparator<? super E>,Collection<? extends E>)",1,1,1
"com.google.common.collect.ImmutableSortedSet.copyOf(Comparator<? super E>,Iterable<? extends E>)",3,2,4
"com.google.common.collect.ImmutableSortedSet.copyOf(Comparator<? super E>,Iterator<? extends E>)",1,1,1
"com.google.common.collect.ImmutableSortedSet.copyOf(E[])",1,1,1
"com.google.common.collect.ImmutableSortedSet.copyOf(Iterable<? extends E>)",1,1,1
"com.google.common.collect.ImmutableSortedSet.copyOf(Iterator<? extends E>)",1,1,1
"com.google.common.collect.ImmutableSortedSet.copyOfSorted(SortedSet<E>)",2,2,2
"com.google.common.collect.ImmutableSortedSet.descendingIterator()",1,1,1
"com.google.common.collect.ImmutableSortedSet.descendingSet()",1,2,2
"com.google.common.collect.ImmutableSortedSet.emptySet()",1,1,1
"com.google.common.collect.ImmutableSortedSet.emptySet(Comparator<? super E>)",2,2,2
"com.google.common.collect.ImmutableSortedSet.floor(E)",1,1,1
"com.google.common.collect.ImmutableSortedSet.headSet(E)",1,1,1
"com.google.common.collect.ImmutableSortedSet.headSet(E,boolean)",1,1,1
"com.google.common.collect.ImmutableSortedSet.higher(E)",1,1,1
"com.google.common.collect.ImmutableSortedSet.lower(E)",1,1,1
"com.google.common.collect.ImmutableSortedSet.naturalOrder()",1,1,1
"com.google.common.collect.ImmutableSortedSet.of()",1,1,1
"com.google.common.collect.ImmutableSortedSet.of(E)",1,1,1
"com.google.common.collect.ImmutableSortedSet.of(E,E)",1,1,1
"com.google.common.collect.ImmutableSortedSet.of(E,E,E)",1,1,1
"com.google.common.collect.ImmutableSortedSet.of(E,E,E,E)",1,1,1
"com.google.common.collect.ImmutableSortedSet.of(E,E,E,E,E)",1,1,1
"com.google.common.collect.ImmutableSortedSet.of(E,E,E,E,E,E,E...)",1,1,1
"com.google.common.collect.ImmutableSortedSet.orderedBy(Comparator<E>)",1,1,1
"com.google.common.collect.ImmutableSortedSet.pollFirst()",1,1,1
"com.google.common.collect.ImmutableSortedSet.pollLast()",1,1,1
"com.google.common.collect.ImmutableSortedSet.readObject(ObjectInputStream)",1,1,1
"com.google.common.collect.ImmutableSortedSet.reverseOrder()",1,1,1
"com.google.common.collect.ImmutableSortedSet.sortAndUnique(Comparator<? super E>,int,E...)",2,3,5
"com.google.common.collect.ImmutableSortedSet.subSet(E,E)",1,1,1
"com.google.common.collect.ImmutableSortedSet.subSet(E,boolean,E,boolean)",1,1,1
"com.google.common.collect.ImmutableSortedSet.tailSet(E)",1,1,1
"com.google.common.collect.ImmutableSortedSet.tailSet(E,boolean)",1,1,1
"com.google.common.collect.ImmutableSortedSet.unsafeCompare(Comparator<?>,Object,Object)",1,1,1
"com.google.common.collect.ImmutableSortedSet.unsafeCompare(Object,Object)",1,1,1
"com.google.common.collect.ImmutableSortedSet.writeReplace()",1,1,1
"com.google.common.collect.ImmutableSortedSetFauxverideShim.builder()",1,1,1
"com.google.common.collect.ImmutableSortedSetFauxverideShim.copyOf(E[])",1,1,1
"com.google.common.collect.ImmutableSortedSetFauxverideShim.of(E)",1,1,1
"com.google.common.collect.ImmutableSortedSetFauxverideShim.of(E,E)",1,1,1
"com.google.common.collect.ImmutableSortedSetFauxverideShim.of(E,E,E)",1,1,1
"com.google.common.collect.ImmutableSortedSetFauxverideShim.of(E,E,E,E)",1,1,1
"com.google.common.collect.ImmutableSortedSetFauxverideShim.of(E,E,E,E,E)",1,1,1
"com.google.common.collect.ImmutableSortedSetFauxverideShim.of(E,E,E,E,E,E,E...)",1,1,1
"com.google.common.collect.ImmutableTable.Builder.Builder()",1,1,1
"com.google.common.collect.ImmutableTable.Builder.build()",4,4,4
"com.google.common.collect.ImmutableTable.Builder.orderColumnsBy(Comparator<? super C>)",1,1,1
"com.google.common.collect.ImmutableTable.Builder.orderRowsBy(Comparator<? super R>)",1,1,1
"com.google.common.collect.ImmutableTable.Builder.put(Cell<? extends R, ? extends C, ? extends V>)",1,2,2
"com.google.common.collect.ImmutableTable.Builder.put(R,C,V)",1,1,1
"com.google.common.collect.ImmutableTable.Builder.putAll(Table<? extends R, ? extends C, ? extends V>)",1,2,2
"com.google.common.collect.ImmutableTable.ImmutableTable()",1,1,1
"com.google.common.collect.ImmutableTable.builder()",1,1,1
"com.google.common.collect.ImmutableTable.cellOf(R,C,V)",1,1,1
"com.google.common.collect.ImmutableTable.clear()",1,1,1
"com.google.common.collect.ImmutableTable.copyOf(Table<? extends R, ? extends C, ? extends V>)",4,6,6
"com.google.common.collect.ImmutableTable.equals(Object)",3,3,3
"com.google.common.collect.ImmutableTable.hashCode()",1,1,1
"com.google.common.collect.ImmutableTable.of()",1,1,1
"com.google.common.collect.ImmutableTable.of(R,C,V)",1,1,1
"com.google.common.collect.ImmutableTable.put(R,C,V)",1,1,1
"com.google.common.collect.ImmutableTable.putAll(Table<? extends R, ? extends C, ? extends V>)",1,1,1
"com.google.common.collect.ImmutableTable.remove(Object,Object)",1,1,1
"com.google.common.collect.ImmutableTable.toString()",1,1,1
"com.google.common.collect.Interners.InternerFunction.InternerFunction(Interner<E>)",1,1,1
"com.google.common.collect.Interners.InternerFunction.apply(E)",1,1,1
"com.google.common.collect.Interners.InternerFunction.equals(Object)",2,2,2
"com.google.common.collect.Interners.InternerFunction.hashCode()",1,1,1
"com.google.common.collect.Interners.Interners()",1,1,1
"com.google.common.collect.Interners.WeakInterner.intern(E)",5,3,5
"com.google.common.collect.Interners.asFunction(Interner<E>)",1,1,1
"com.google.common.collect.Interners.newStrongInterner()",1,1,2
"com.google.common.collect.Interners.newWeakInterner()",1,1,1
"com.google.common.collect.Iterables.ConsumingQueueIterator.ConsumingQueueIterator(Queue<T>)",1,1,1
"com.google.common.collect.Iterables.ConsumingQueueIterator.computeNext()",1,2,2
"com.google.common.collect.Iterables.Iterables()",1,1,1
"com.google.common.collect.Iterables.UnmodifiableIterable.UnmodifiableIterable(Iterable<T>)",1,1,1
"com.google.common.collect.Iterables.UnmodifiableIterable.iterator()",1,1,1
"com.google.common.collect.Iterables.UnmodifiableIterable.toString()",1,1,1
"com.google.common.collect.Iterables.addAll(Collection<T>,Iterable<? extends T>)",2,2,2
"com.google.common.collect.Iterables.all(Iterable<T>,Predicate<? super T>)",1,1,1
"com.google.common.collect.Iterables.any(Iterable<T>,Predicate<? super T>)",1,1,1
"com.google.common.collect.Iterables.checkNonnegativeIndex(int)",2,1,2
"com.google.common.collect.Iterables.concat(Iterable<? extends Iterable<? extends T>>)",1,1,1
"com.google.common.collect.Iterables.concat(Iterable<? extends T>,Iterable<? extends T>)",1,1,1
"com.google.common.collect.Iterables.concat(Iterable<? extends T>,Iterable<? extends T>,Iterable<? extends T>)",1,1,1
"com.google.common.collect.Iterables.concat(Iterable<? extends T>,Iterable<? extends T>,Iterable<? extends T>,Iterable<? extends T>)",1,1,1
"com.google.common.collect.Iterables.concat(Iterable<? extends T>...)",1,1,1
"com.google.common.collect.Iterables.consumingIterable(Iterable<T>)",2,1,2
"com.google.common.collect.Iterables.contains(Iterable<?>,Object)",2,2,4
"com.google.common.collect.Iterables.cycle(Iterable<T>)",1,1,1
"com.google.common.collect.Iterables.cycle(T...)",1,1,1
"com.google.common.collect.Iterables.elementsEqual(Iterable<?>,Iterable<?>)",1,1,1
"com.google.common.collect.Iterables.filter(Iterable<?>,Class<T>)",1,1,1
"com.google.common.collect.Iterables.filter(Iterable<T>,Predicate<? super T>)",1,1,1
"com.google.common.collect.Iterables.find(Iterable<? extends T>,Predicate<? super T>,T)",1,1,1
"com.google.common.collect.Iterables.find(Iterable<T>,Predicate<? super T>)",1,1,1
"com.google.common.collect.Iterables.frequency(Iterable<?>,Object)",3,3,4
"com.google.common.collect.Iterables.get(Iterable<? extends T>,int,T)",1,1,2
"com.google.common.collect.Iterables.get(Iterable<T>,int)",2,3,3
"com.google.common.collect.Iterables.getFirst(Iterable<? extends T>,T)",1,1,1
"com.google.common.collect.Iterables.getLast(Iterable<? extends T>,T)",5,4,5
"com.google.common.collect.Iterables.getLast(Iterable<T>)",4,3,4
"com.google.common.collect.Iterables.getLastInNonemptyList(List<T>)",1,1,1
"com.google.common.collect.Iterables.getOnlyElement(Iterable<? extends T>,T)",1,1,1
"com.google.common.collect.Iterables.getOnlyElement(Iterable<T>)",1,1,1
"com.google.common.collect.Iterables.indexOf(Iterable<T>,Predicate<? super T>)",1,1,1
"com.google.common.collect.Iterables.isEmpty(Iterable<?>)",2,2,2
"com.google.common.collect.Iterables.iterators(Iterable<? extends Iterable<? extends T>>)",1,1,1
"com.google.common.collect.Iterables.limit(Iterable<T>,int)",1,1,1
"com.google.common.collect.Iterables.mergeSorted(Iterable<? extends Iterable<? extends T>>,Comparator<? super T>)",1,1,1
"com.google.common.collect.Iterables.paddedPartition(Iterable<T>,int)",1,1,1
"com.google.common.collect.Iterables.partition(Iterable<T>,int)",1,1,1
"com.google.common.collect.Iterables.removeAll(Iterable<?>,Collection<?>)",1,2,2
"com.google.common.collect.Iterables.removeIf(Iterable<T>,Predicate<? super T>)",2,2,3
"com.google.common.collect.Iterables.removeIfFromRandomAccessList(List<T>,Predicate<? super T>)",4,5,5
"com.google.common.collect.Iterables.retainAll(Iterable<?>,Collection<?>)",1,2,2
"com.google.common.collect.Iterables.size(Iterable<?>)",1,2,2
"com.google.common.collect.Iterables.skip(Iterable<T>,int)",4,3,5
"com.google.common.collect.Iterables.slowRemoveIfForRemainingElements(List<T>,Predicate<? super T>,int,int)",1,4,4
"com.google.common.collect.Iterables.toArray(Iterable<? extends T>,Class<T>)",1,1,1
"com.google.common.collect.Iterables.toArray(Iterable<?>)",1,1,1
"com.google.common.collect.Iterables.toCollection(Iterable<E>)",1,2,2
"com.google.common.collect.Iterables.toIterator()",1,1,1
"com.google.common.collect.Iterables.toString(Iterable<?>)",1,1,1
"com.google.common.collect.Iterables.transform(Iterable<F>,Function<? super F, ? extends T>)",1,1,1
"com.google.common.collect.Iterables.tryFind(Iterable<T>,Predicate<? super T>)",1,1,1
"com.google.common.collect.Iterables.unmodifiableIterable(ImmutableCollection<E>)",1,1,1
"com.google.common.collect.Iterables.unmodifiableIterable(Iterable<T>)",2,1,3
"com.google.common.collect.Iterators.Iterators()",1,1,1
"com.google.common.collect.Iterators.MergingIterator.MergingIterator(Iterable<? extends Iterator<? extends T>>,Comparator<? super T>)",1,3,3
"com.google.common.collect.Iterators.MergingIterator.computeNext()",2,3,3
"com.google.common.collect.Iterators.PeekingImpl.PeekingImpl(Iterator<? extends E>)",1,1,1
"com.google.common.collect.Iterators.PeekingImpl.hasNext()",1,2,2
"com.google.common.collect.Iterators.PeekingImpl.next()",2,2,2
"com.google.common.collect.Iterators.PeekingImpl.peek()",1,2,2
"com.google.common.collect.Iterators.PeekingImpl.remove()",1,1,1
"com.google.common.collect.Iterators.addAll(Collection<T>,Iterator<? extends T>)",1,2,2
"com.google.common.collect.Iterators.advance(Iterator<?>,int)",1,3,3
"com.google.common.collect.Iterators.all(Iterator<T>,Predicate<? super T>)",3,2,3
"com.google.common.collect.Iterators.any(Iterator<T>,Predicate<? super T>)",3,2,3
"com.google.common.collect.Iterators.asEnumeration(Iterator<T>)",1,1,1
"com.google.common.collect.Iterators.cast(Iterator<T>)",1,1,1
"com.google.common.collect.Iterators.checkNonnegative(int)",2,1,2
"com.google.common.collect.Iterators.checkRemove(boolean)",1,1,1
"com.google.common.collect.Iterators.clear(Iterator<?>)",1,2,2
"com.google.common.collect.Iterators.concat(Iterator<? extends Iterator<? extends T>>)",2,3,4
"com.google.common.collect.Iterators.concat(Iterator<? extends T>,Iterator<? extends T>)",1,1,1
"com.google.common.collect.Iterators.concat(Iterator<? extends T>,Iterator<? extends T>,Iterator<? extends T>)",1,1,1
"com.google.common.collect.Iterators.concat(Iterator<? extends T>,Iterator<? extends T>,Iterator<? extends T>,Iterator<? extends T>)",1,1,1
"com.google.common.collect.Iterators.concat(Iterator<? extends T>...)",1,1,1
"com.google.common.collect.Iterators.consumingIterator(Iterator<T>)",1,1,1
"com.google.common.collect.Iterators.contains(Iterator<?>,Object)",6,4,6
"com.google.common.collect.Iterators.cycle(Iterable<T>)",2,2,3
"com.google.common.collect.Iterators.cycle(T...)",1,1,1
"com.google.common.collect.Iterators.elementsEqual(Iterator<?>,Iterator<?>)",4,2,4
"com.google.common.collect.Iterators.emptyIterator()",1,1,1
"com.google.common.collect.Iterators.emptyListIterator()",1,1,1
"com.google.common.collect.Iterators.emptyModifiableIterator()",1,1,1
"com.google.common.collect.Iterators.filter(Iterator<?>,Class<T>)",1,1,1
"com.google.common.collect.Iterators.filter(Iterator<T>,Predicate<? super T>)",3,2,3
"com.google.common.collect.Iterators.find(Iterator<? extends T>,Predicate<? super T>,T)",1,2,2
"com.google.common.collect.Iterators.find(Iterator<T>,Predicate<? super T>)",1,1,1
"com.google.common.collect.Iterators.forArray(T...)",1,1,1
"com.google.common.collect.Iterators.forArray(T[],int,int,int)",1,1,1
"com.google.common.collect.Iterators.forEnumeration(Enumeration<T>)",1,1,1
"com.google.common.collect.Iterators.frequency(Iterator<?>,Object)",1,4,6
"com.google.common.collect.Iterators.get(Iterator<? extends T>,int,T)",1,1,2
"com.google.common.collect.Iterators.get(Iterator<T>,int)",3,2,3
"com.google.common.collect.Iterators.getLast(Iterator<? extends T>,T)",1,2,2
"com.google.common.collect.Iterators.getLast(Iterator<T>)",3,2,3
"com.google.common.collect.Iterators.getNext(Iterator<? extends T>,T)",1,2,2
"com.google.common.collect.Iterators.getOnlyElement(Iterator<? extends T>,T)",1,2,2
"com.google.common.collect.Iterators.getOnlyElement(Iterator<T>)",2,4,5
"com.google.common.collect.Iterators.indexOf(Iterator<T>,Predicate<? super T>)",3,2,3
"com.google.common.collect.Iterators.limit(Iterator<T>,int)",2,2,3
"com.google.common.collect.Iterators.mergeSorted(Iterable<? extends Iterator<? extends T>>,Comparator<? super T>)",1,1,1
"com.google.common.collect.Iterators.paddedPartition(Iterator<T>,int)",1,1,1
"com.google.common.collect.Iterators.partition(Iterator<T>,int)",1,1,1
"com.google.common.collect.Iterators.partitionImpl(Iterator<T>,int,boolean)",2,4,7
"com.google.common.collect.Iterators.peekingIterator(Iterator<? extends T>)",2,1,2
"com.google.common.collect.Iterators.peekingIterator(PeekingIterator<T>)",1,1,1
"com.google.common.collect.Iterators.removeAll(Iterator<?>,Collection<?>)",1,3,3
"com.google.common.collect.Iterators.removeIf(Iterator<T>,Predicate<? super T>)",1,3,3
"com.google.common.collect.Iterators.retainAll(Iterator<?>,Collection<?>)",1,3,3
"com.google.common.collect.Iterators.singletonIterator(T)",2,1,2
"com.google.common.collect.Iterators.size(Iterator<?>)",1,2,2
"com.google.common.collect.Iterators.toArray(Iterator<? extends T>,Class<T>)",1,1,1
"com.google.common.collect.Iterators.toString(Iterator<?>)",1,1,1
"com.google.common.collect.Iterators.transform(Iterator<F>,Function<? super F, ? extends T>)",1,1,1
"com.google.common.collect.Iterators.tryFind(Iterator<T>,Predicate<? super T>)",1,2,2
"com.google.common.collect.Iterators.unmodifiableIterator(Iterator<T>)",2,1,2
"com.google.common.collect.Iterators.unmodifiableIterator(UnmodifiableIterator<T>)",1,1,1
"com.google.common.collect.Iterators.unmodifiableListIterator(ListIterator<T>)",2,1,2
"com.google.common.collect.LexicographicalOrdering.LexicographicalOrdering(Ordering<? super T>)",1,1,1
"com.google.common.collect.LexicographicalOrdering.compare(Iterable<T>,Iterable<T>)",5,2,5
"com.google.common.collect.LexicographicalOrdering.equals(Object)",3,2,3
"com.google.common.collect.LexicographicalOrdering.hashCode()",1,1,1
"com.google.common.collect.LexicographicalOrdering.toString()",1,1,1
"com.google.common.collect.LexicographicalOrdering_CustomFieldSerializer.deserialize(SerializationStreamReader,LexicographicalOrdering<?>)",1,1,1
"com.google.common.collect.LexicographicalOrdering_CustomFieldSerializer.instantiate(SerializationStreamReader)",1,1,1
"com.google.common.collect.LexicographicalOrdering_CustomFieldSerializer.serialize(SerializationStreamWriter,LexicographicalOrdering<?>)",1,1,1
"com.google.common.collect.LinkedHashMultimap.LinkedHashMultimap(int,int)",1,1,1
"com.google.common.collect.LinkedHashMultimap.ValueEntry.ValueEntry(K,V,int,ValueEntry<K, V>)",1,1,1
"com.google.common.collect.LinkedHashMultimap.ValueEntry.getKey()",1,1,1
"com.google.common.collect.LinkedHashMultimap.ValueEntry.getPredecessorInMultimap()",1,1,1
"com.google.common.collect.LinkedHashMultimap.ValueEntry.getPredecessorInValueSet()",1,1,1
"com.google.common.collect.LinkedHashMultimap.ValueEntry.getSuccessorInMultimap()",1,1,1
"com.google.common.collect.LinkedHashMultimap.ValueEntry.getSuccessorInValueSet()",1,1,1
"com.google.common.collect.LinkedHashMultimap.ValueEntry.getValue()",1,1,1
"com.google.common.collect.LinkedHashMultimap.ValueEntry.setPredecessorInMultimap(ValueEntry<K, V>)",1,1,1
"com.google.common.collect.LinkedHashMultimap.ValueEntry.setPredecessorInValueSet(ValueSetLink<K, V>)",1,1,1
"com.google.common.collect.LinkedHashMultimap.ValueEntry.setSuccessorInMultimap(ValueEntry<K, V>)",1,1,1
"com.google.common.collect.LinkedHashMultimap.ValueEntry.setSuccessorInValueSet(ValueSetLink<K, V>)",1,1,1
"com.google.common.collect.LinkedHashMultimap.ValueSet.ValueSet(K,int)",1,1,2
"com.google.common.collect.LinkedHashMultimap.ValueSet.add(V)",3,4,5
"com.google.common.collect.LinkedHashMultimap.ValueSet.clear()",1,2,2
"com.google.common.collect.LinkedHashMultimap.ValueSet.contains(Object)",3,4,5
"com.google.common.collect.LinkedHashMultimap.ValueSet.getPredecessorInValueSet()",1,1,1
"com.google.common.collect.LinkedHashMultimap.ValueSet.getSuccessorInValueSet()",1,1,1
"com.google.common.collect.LinkedHashMultimap.ValueSet.iterator()",5,4,7
"com.google.common.collect.LinkedHashMultimap.ValueSet.rehashIfNecessary()",1,4,4
"com.google.common.collect.LinkedHashMultimap.ValueSet.remove(Object)",3,5,6
"com.google.common.collect.LinkedHashMultimap.ValueSet.setPredecessorInValueSet(ValueSetLink<K, V>)",1,1,1
"com.google.common.collect.LinkedHashMultimap.ValueSet.setSuccessorInValueSet(ValueSetLink<K, V>)",1,1,1
"com.google.common.collect.LinkedHashMultimap.ValueSet.size()",1,1,1
"com.google.common.collect.LinkedHashMultimap.ValueSet.threshold()",1,1,1
"com.google.common.collect.LinkedHashMultimap.clear()",1,1,1
"com.google.common.collect.LinkedHashMultimap.create()",1,1,1
"com.google.common.collect.LinkedHashMultimap.create(Multimap<? extends K, ? extends V>)",1,1,1
"com.google.common.collect.LinkedHashMultimap.create(int,int)",1,1,1
"com.google.common.collect.LinkedHashMultimap.createCollection()",1,1,1
"com.google.common.collect.LinkedHashMultimap.createCollection(K)",1,1,1
"com.google.common.collect.LinkedHashMultimap.createEntryIterator()",2,1,2
"com.google.common.collect.LinkedHashMultimap.deleteFromMultimap(ValueEntry<K, V>)",1,1,1
"com.google.common.collect.LinkedHashMultimap.deleteFromValueSet(ValueSetLink<K, V>)",1,1,1
"com.google.common.collect.LinkedHashMultimap.entries()",1,1,1
"com.google.common.collect.LinkedHashMultimap.readObject(ObjectInputStream)",1,3,3
"com.google.common.collect.LinkedHashMultimap.replaceValues(K,Iterable<? extends V>)",1,1,1
"com.google.common.collect.LinkedHashMultimap.succeedsInMultimap(ValueEntry<K, V>,ValueEntry<K, V>)",1,1,1
"com.google.common.collect.LinkedHashMultimap.succeedsInValueSet(ValueSetLink<K, V>,ValueSetLink<K, V>)",1,1,1
"com.google.common.collect.LinkedHashMultimap.values()",1,1,1
"com.google.common.collect.LinkedHashMultimap.writeObject(ObjectOutputStream)",1,3,3
"com.google.common.collect.LinkedHashMultimap_CustomFieldSerializer.deserialize(SerializationStreamReader,LinkedHashMultimap<?, ?>)",1,1,1
"com.google.common.collect.LinkedHashMultimap_CustomFieldSerializer.instantiate(SerializationStreamReader)",1,3,3
"com.google.common.collect.LinkedHashMultimap_CustomFieldSerializer.serialize(SerializationStreamWriter,LinkedHashMultimap<?, ?>)",1,3,3
"com.google.common.collect.LinkedHashMultiset.LinkedHashMultiset()",1,1,1
"com.google.common.collect.LinkedHashMultiset.LinkedHashMultiset(int)",1,1,1
"com.google.common.collect.LinkedHashMultiset.create()",1,1,1
"com.google.common.collect.LinkedHashMultiset.create(Iterable<? extends E>)",1,1,1
"com.google.common.collect.LinkedHashMultiset.create(int)",1,1,1
"com.google.common.collect.LinkedHashMultiset.readObject(ObjectInputStream)",1,1,1
"com.google.common.collect.LinkedHashMultiset.writeObject(ObjectOutputStream)",1,1,1
"com.google.common.collect.LinkedHashMultiset_CustomFieldSerializer.deserialize(SerializationStreamReader,LinkedHashMultiset<?>)",1,1,1
"com.google.common.collect.LinkedHashMultiset_CustomFieldSerializer.instantiate(SerializationStreamReader)",1,1,1
"com.google.common.collect.LinkedHashMultiset_CustomFieldSerializer.serialize(SerializationStreamWriter,LinkedHashMultiset<?>)",1,1,1
"com.google.common.collect.LinkedListMultimap.DistinctKeyIterator.hasNext()",1,1,1
"com.google.common.collect.LinkedListMultimap.DistinctKeyIterator.next()",1,2,3
"com.google.common.collect.LinkedListMultimap.DistinctKeyIterator.remove()",1,1,1
"com.google.common.collect.LinkedListMultimap.LinkedListMultimap()",1,1,1
"com.google.common.collect.LinkedListMultimap.LinkedListMultimap(Multimap<? extends K, ? extends V>)",1,1,1
"com.google.common.collect.LinkedListMultimap.LinkedListMultimap(int)",1,1,1
"com.google.common.collect.LinkedListMultimap.MultisetView.count(Object)",1,1,1
"com.google.common.collect.LinkedListMultimap.MultisetView.distinctElements()",1,1,1
"com.google.common.collect.LinkedListMultimap.MultisetView.elementSet()",1,1,1
"com.google.common.collect.LinkedListMultimap.MultisetView.entryIterator()",1,1,1
"com.google.common.collect.LinkedListMultimap.MultisetView.equals(Object)",1,1,1
"com.google.common.collect.LinkedListMultimap.MultisetView.hashCode()",1,1,1
"com.google.common.collect.LinkedListMultimap.MultisetView.iterator()",1,1,1
"com.google.common.collect.LinkedListMultimap.MultisetView.remove(Object,int)",1,3,3
"com.google.common.collect.LinkedListMultimap.MultisetView.size()",1,1,1
"com.google.common.collect.LinkedListMultimap.MultisetView.toString()",1,1,1
"com.google.common.collect.LinkedListMultimap.Node.Node(K,V)",1,1,1
"com.google.common.collect.LinkedListMultimap.Node.toString()",1,1,1
"com.google.common.collect.LinkedListMultimap.NodeIterator.NodeIterator()",1,1,1
"com.google.common.collect.LinkedListMultimap.NodeIterator.NodeIterator(int)",1,4,4
"com.google.common.collect.LinkedListMultimap.NodeIterator.add(Node<K, V>)",1,1,1
"com.google.common.collect.LinkedListMultimap.NodeIterator.hasNext()",1,1,1
"com.google.common.collect.LinkedListMultimap.NodeIterator.hasPrevious()",1,1,1
"com.google.common.collect.LinkedListMultimap.NodeIterator.next()",1,1,1
"com.google.common.collect.LinkedListMultimap.NodeIterator.nextIndex()",1,1,1
"com.google.common.collect.LinkedListMultimap.NodeIterator.previous()",1,1,1
"com.google.common.collect.LinkedListMultimap.NodeIterator.previousIndex()",1,1,1
"com.google.common.collect.LinkedListMultimap.NodeIterator.remove()",1,1,2
"com.google.common.collect.LinkedListMultimap.NodeIterator.set(Node<K, V>)",1,1,1
"com.google.common.collect.LinkedListMultimap.NodeIterator.setValue(V)",1,1,1
"com.google.common.collect.LinkedListMultimap.ValueForKeyIterator.ValueForKeyIterator(Object)",1,1,1
"com.google.common.collect.LinkedListMultimap.ValueForKeyIterator.ValueForKeyIterator(Object,int)",1,4,4
"com.google.common.collect.LinkedListMultimap.ValueForKeyIterator.add(V)",1,1,1
"com.google.common.collect.LinkedListMultimap.ValueForKeyIterator.hasNext()",1,1,1
"com.google.common.collect.LinkedListMultimap.ValueForKeyIterator.hasPrevious()",1,1,1
"com.google.common.collect.LinkedListMultimap.ValueForKeyIterator.next()",1,1,1
"com.google.common.collect.LinkedListMultimap.ValueForKeyIterator.nextIndex()",1,1,1
"com.google.common.collect.LinkedListMultimap.ValueForKeyIterator.previous()",1,1,1
"com.google.common.collect.LinkedListMultimap.ValueForKeyIterator.previousIndex()",1,1,1
"com.google.common.collect.LinkedListMultimap.ValueForKeyIterator.remove()",1,1,2
"com.google.common.collect.LinkedListMultimap.ValueForKeyIterator.set(V)",1,1,1
"com.google.common.collect.LinkedListMultimap.addNode(K,V,Node<K, V>)",1,5,6
"com.google.common.collect.LinkedListMultimap.asMap()",1,2,2
"com.google.common.collect.LinkedListMultimap.checkElement(Object)",2,1,2
"com.google.common.collect.LinkedListMultimap.clear()",1,1,1
"com.google.common.collect.LinkedListMultimap.containsEntry(Object,Object)",3,2,3
"com.google.common.collect.LinkedListMultimap.containsKey(Object)",1,1,1
"com.google.common.collect.LinkedListMultimap.containsValue(Object)",3,2,3
"com.google.common.collect.LinkedListMultimap.create()",1,1,1
"com.google.common.collect.LinkedListMultimap.create(Multimap<? extends K, ? extends V>)",1,1,1
"com.google.common.collect.LinkedListMultimap.create(int)",1,1,1
"com.google.common.collect.LinkedListMultimap.createEntry(Node<K, V>)",1,1,1
"com.google.common.collect.LinkedListMultimap.entries()",1,2,2
"com.google.common.collect.LinkedListMultimap.equals(Object)",3,2,3
"com.google.common.collect.LinkedListMultimap.get(K)",1,1,1
"com.google.common.collect.LinkedListMultimap.getCopy(Object)",1,1,1
"com.google.common.collect.LinkedListMultimap.hashCode()",1,1,1
"com.google.common.collect.LinkedListMultimap.isEmpty()",1,1,1
"com.google.common.collect.LinkedListMultimap.keySet()",1,2,2
"com.google.common.collect.LinkedListMultimap.keys()",1,1,2
"com.google.common.collect.LinkedListMultimap.put(K,V)",1,1,1
"com.google.common.collect.LinkedListMultimap.putAll(K,Iterable<? extends V>)",1,2,2
"com.google.common.collect.LinkedListMultimap.putAll(Multimap<? extends K, ? extends V>)",1,2,2
"com.google.common.collect.LinkedListMultimap.readObject(ObjectInputStream)",1,2,2
"com.google.common.collect.LinkedListMultimap.remove(Object,Object)",3,3,3
"com.google.common.collect.LinkedListMultimap.removeAll(Object)",1,1,1
"com.google.common.collect.LinkedListMultimap.removeAllNodes(Object)",1,2,2
"com.google.common.collect.LinkedListMultimap.removeNode(Node<K, V>)",1,5,7
"com.google.common.collect.LinkedListMultimap.replaceValues(K,Iterable<? extends V>)",1,5,5
"com.google.common.collect.LinkedListMultimap.size()",1,1,1
"com.google.common.collect.LinkedListMultimap.toString()",1,1,1
"com.google.common.collect.LinkedListMultimap.values()",1,2,2
"com.google.common.collect.LinkedListMultimap.writeObject(ObjectOutputStream)",1,2,2
"com.google.common.collect.LinkedListMultimap_CustomFieldSerializer.deserialize(SerializationStreamReader,LinkedListMultimap<?, ?>)",1,1,1
"com.google.common.collect.LinkedListMultimap_CustomFieldSerializer.instantiate(SerializationStreamReader)",1,2,2
"com.google.common.collect.LinkedListMultimap_CustomFieldSerializer.serialize(SerializationStreamWriter,LinkedListMultimap<?, ?>)",1,2,2
"com.google.common.collect.Lists.AbstractListWrapper.AbstractListWrapper(List<E>)",1,1,1
"com.google.common.collect.Lists.AbstractListWrapper.add(int,E)",1,1,1
"com.google.common.collect.Lists.AbstractListWrapper.addAll(int,Collection<? extends E>)",1,1,1
"com.google.common.collect.Lists.AbstractListWrapper.contains(Object)",1,1,1
"com.google.common.collect.Lists.AbstractListWrapper.get(int)",1,1,1
"com.google.common.collect.Lists.AbstractListWrapper.remove(int)",1,1,1
"com.google.common.collect.Lists.AbstractListWrapper.set(int,E)",1,1,1
"com.google.common.collect.Lists.AbstractListWrapper.size()",1,1,1
"com.google.common.collect.Lists.CharSequenceAsList.CharSequenceAsList(CharSequence)",1,1,1
"com.google.common.collect.Lists.CharSequenceAsList.contains(Object)",1,1,1
"com.google.common.collect.Lists.CharSequenceAsList.equals(Object)",5,3,6
"com.google.common.collect.Lists.CharSequenceAsList.get(int)",1,1,1
"com.google.common.collect.Lists.CharSequenceAsList.hashCode()",1,2,2
"com.google.common.collect.Lists.CharSequenceAsList.indexOf(Object)",4,3,4
"com.google.common.collect.Lists.CharSequenceAsList.lastIndexOf(Object)",4,3,4
"com.google.common.collect.Lists.CharSequenceAsList.size()",1,1,1
"com.google.common.collect.Lists.CharSequenceAsList.subList(int,int)",1,1,1
"com.google.common.collect.Lists.Lists()",1,1,1
"com.google.common.collect.Lists.OnePlusArrayList.OnePlusArrayList(E,E[])",1,1,1
"com.google.common.collect.Lists.OnePlusArrayList.get(int)",1,1,2
"com.google.common.collect.Lists.OnePlusArrayList.size()",1,1,1
"com.google.common.collect.Lists.Partition.Partition(List<T>,int)",1,1,1
"com.google.common.collect.Lists.Partition.get(int)",1,1,1
"com.google.common.collect.Lists.Partition.isEmpty()",1,1,1
"com.google.common.collect.Lists.Partition.size()",1,1,2
"com.google.common.collect.Lists.RandomAccessListWrapper.RandomAccessListWrapper(List<E>)",1,1,1
"com.google.common.collect.Lists.RandomAccessPartition.RandomAccessPartition(List<T>,int)",1,1,1
"com.google.common.collect.Lists.RandomAccessReverseList.RandomAccessReverseList(List<T>)",1,1,1
"com.google.common.collect.Lists.ReverseList.ReverseList(List<T>)",1,1,1
"com.google.common.collect.Lists.ReverseList.add(int,T)",1,1,1
"com.google.common.collect.Lists.ReverseList.clear()",1,1,1
"com.google.common.collect.Lists.ReverseList.contains(Object)",1,1,1
"com.google.common.collect.Lists.ReverseList.containsAll(Collection<?>)",1,1,1
"com.google.common.collect.Lists.ReverseList.get(int)",1,1,1
"com.google.common.collect.Lists.ReverseList.getForwardList()",1,1,1
"com.google.common.collect.Lists.ReverseList.indexOf(Object)",1,2,2
"com.google.common.collect.Lists.ReverseList.isEmpty()",1,1,1
"com.google.common.collect.Lists.ReverseList.iterator()",1,1,1
"com.google.common.collect.Lists.ReverseList.lastIndexOf(Object)",1,2,2
"com.google.common.collect.Lists.ReverseList.listIterator(int)",3,1,3
"com.google.common.collect.Lists.ReverseList.remove(int)",1,1,1
"com.google.common.collect.Lists.ReverseList.removeRange(int,int)",1,1,1
"com.google.common.collect.Lists.ReverseList.reverseIndex(int)",1,1,1
"com.google.common.collect.Lists.ReverseList.reversePosition(int)",1,1,1
"com.google.common.collect.Lists.ReverseList.set(int,T)",1,1,1
"com.google.common.collect.Lists.ReverseList.size()",1,1,1
"com.google.common.collect.Lists.ReverseList.subList(int,int)",1,1,1
"com.google.common.collect.Lists.StringAsImmutableList.StringAsImmutableList(String)",1,1,1
"com.google.common.collect.Lists.StringAsImmutableList.equals(Object)",5,3,6
"com.google.common.collect.Lists.StringAsImmutableList.get(int)",1,1,1
"com.google.common.collect.Lists.StringAsImmutableList.hashCode()",1,3,3
"com.google.common.collect.Lists.StringAsImmutableList.indexOf(Object)",1,2,2
"com.google.common.collect.Lists.StringAsImmutableList.isPartialView()",1,1,1
"com.google.common.collect.Lists.StringAsImmutableList.lastIndexOf(Object)",1,2,2
"com.google.common.collect.Lists.StringAsImmutableList.size()",1,1,1
"com.google.common.collect.Lists.StringAsImmutableList.subList(int,int)",1,1,1
"com.google.common.collect.Lists.TransformingRandomAccessList.TransformingRandomAccessList(List<F>,Function<? super F, ? extends T>)",1,1,1
"com.google.common.collect.Lists.TransformingRandomAccessList.clear()",1,1,1
"com.google.common.collect.Lists.TransformingRandomAccessList.get(int)",1,1,1
"com.google.common.collect.Lists.TransformingRandomAccessList.isEmpty()",1,1,1
"com.google.common.collect.Lists.TransformingRandomAccessList.remove(int)",1,1,1
"com.google.common.collect.Lists.TransformingRandomAccessList.size()",1,1,1
"com.google.common.collect.Lists.TransformingSequentialList.TransformingSequentialList(List<F>,Function<? super F, ? extends T>)",1,1,1
"com.google.common.collect.Lists.TransformingSequentialList.clear()",1,1,1
"com.google.common.collect.Lists.TransformingSequentialList.listIterator(int)",1,1,1
"com.google.common.collect.Lists.TransformingSequentialList.size()",1,1,1
"com.google.common.collect.Lists.TwoPlusArrayList.TwoPlusArrayList(E,E,E[])",1,1,1
"com.google.common.collect.Lists.TwoPlusArrayList.get(int)",4,2,4
"com.google.common.collect.Lists.TwoPlusArrayList.size()",1,1,1
"com.google.common.collect.Lists.addAllImpl(List<E>,int,Iterable<? extends E>)",1,2,2
"com.google.common.collect.Lists.asList(E,E,E[])",1,1,1
"com.google.common.collect.Lists.asList(E,E[])",1,1,1
"com.google.common.collect.Lists.cast(Iterable<T>)",1,1,1
"com.google.common.collect.Lists.charactersOf(CharSequence)",1,1,1
"com.google.common.collect.Lists.charactersOf(String)",1,1,1
"com.google.common.collect.Lists.computeArrayListCapacity(int)",1,1,1
"com.google.common.collect.Lists.equalsImpl(List<?>,Object)",3,2,4
"com.google.common.collect.Lists.hashCodeImpl(List<?>)",1,3,3
"com.google.common.collect.Lists.indexOfImpl(List<?>,Object)",3,3,3
"com.google.common.collect.Lists.lastIndexOfImpl(List<?>,Object)",3,3,3
"com.google.common.collect.Lists.listIteratorImpl(List<E>,int)",1,1,1
"com.google.common.collect.Lists.newArrayList()",1,1,1
"com.google.common.collect.Lists.newArrayList(E...)",1,1,1
"com.google.common.collect.Lists.newArrayList(Iterable<? extends E>)",1,2,2
"com.google.common.collect.Lists.newArrayList(Iterator<? extends E>)",1,2,2
"com.google.common.collect.Lists.newArrayListWithCapacity(int)",1,1,1
"com.google.common.collect.Lists.newArrayListWithExpectedSize(int)",1,1,1
"com.google.common.collect.Lists.newCopyOnWriteArrayList()",1,1,1
"com.google.common.collect.Lists.newCopyOnWriteArrayList(Iterable<? extends E>)",1,2,2
"com.google.common.collect.Lists.newLinkedList()",1,1,1
"com.google.common.collect.Lists.newLinkedList(Iterable<? extends E>)",1,2,2
"com.google.common.collect.Lists.partition(List<T>,int)",1,1,2
"com.google.common.collect.Lists.reverse(List<T>)",3,2,3
"com.google.common.collect.Lists.subListImpl(List<E>,int,int)",1,2,2
"com.google.common.collect.Lists.transform(List<F>,Function<? super F, ? extends T>)",1,1,2
"com.google.common.collect.MapConstraints.ConstrainedAsMapEntries.ConstrainedAsMapEntries(Set<Entry<K, Collection<V>>>,MapConstraint<? super K, ? super V>)",1,1,1
"com.google.common.collect.MapConstraints.ConstrainedAsMapEntries.contains(Object)",1,1,1
"com.google.common.collect.MapConstraints.ConstrainedAsMapEntries.containsAll(Collection<?>)",1,1,1
"com.google.common.collect.MapConstraints.ConstrainedAsMapEntries.delegate()",1,1,1
"com.google.common.collect.MapConstraints.ConstrainedAsMapEntries.equals(Object)",1,1,1
"com.google.common.collect.MapConstraints.ConstrainedAsMapEntries.hashCode()",1,1,1
"com.google.common.collect.MapConstraints.ConstrainedAsMapEntries.iterator()",1,1,1
"com.google.common.collect.MapConstraints.ConstrainedAsMapEntries.remove(Object)",1,1,1
"com.google.common.collect.MapConstraints.ConstrainedAsMapEntries.removeAll(Collection<?>)",1,1,1
"com.google.common.collect.MapConstraints.ConstrainedAsMapEntries.retainAll(Collection<?>)",1,1,1
"com.google.common.collect.MapConstraints.ConstrainedAsMapEntries.toArray()",1,1,1
"com.google.common.collect.MapConstraints.ConstrainedAsMapEntries.toArray(T[])",1,1,1
"com.google.common.collect.MapConstraints.ConstrainedAsMapValues.ConstrainedAsMapValues(Collection<Collection<V>>,Set<Entry<K, Collection<V>>>)",1,1,1
"com.google.common.collect.MapConstraints.ConstrainedAsMapValues.contains(Object)",1,1,1
"com.google.common.collect.MapConstraints.ConstrainedAsMapValues.containsAll(Collection<?>)",1,1,1
"com.google.common.collect.MapConstraints.ConstrainedAsMapValues.delegate()",1,1,1
"com.google.common.collect.MapConstraints.ConstrainedAsMapValues.iterator()",1,1,1
"com.google.common.collect.MapConstraints.ConstrainedAsMapValues.remove(Object)",1,1,1
"com.google.common.collect.MapConstraints.ConstrainedAsMapValues.removeAll(Collection<?>)",1,1,1
"com.google.common.collect.MapConstraints.ConstrainedAsMapValues.retainAll(Collection<?>)",1,1,1
"com.google.common.collect.MapConstraints.ConstrainedAsMapValues.toArray()",1,1,1
"com.google.common.collect.MapConstraints.ConstrainedAsMapValues.toArray(T[])",1,1,1
"com.google.common.collect.MapConstraints.ConstrainedBiMap.ConstrainedBiMap(BiMap<K, V>,BiMap<V, K>,MapConstraint<? super K, ? super V>)",1,1,1
"com.google.common.collect.MapConstraints.ConstrainedBiMap.delegate()",1,1,1
"com.google.common.collect.MapConstraints.ConstrainedBiMap.forcePut(K,V)",1,1,1
"com.google.common.collect.MapConstraints.ConstrainedBiMap.inverse()",1,2,2
"com.google.common.collect.MapConstraints.ConstrainedBiMap.values()",1,1,1
"com.google.common.collect.MapConstraints.ConstrainedEntries.ConstrainedEntries(Collection<Entry<K, V>>,MapConstraint<? super K, ? super V>)",1,1,1
"com.google.common.collect.MapConstraints.ConstrainedEntries.contains(Object)",1,1,1
"com.google.common.collect.MapConstraints.ConstrainedEntries.containsAll(Collection<?>)",1,1,1
"com.google.common.collect.MapConstraints.ConstrainedEntries.delegate()",1,1,1
"com.google.common.collect.MapConstraints.ConstrainedEntries.iterator()",1,1,1
"com.google.common.collect.MapConstraints.ConstrainedEntries.remove(Object)",1,1,1
"com.google.common.collect.MapConstraints.ConstrainedEntries.removeAll(Collection<?>)",1,1,1
"com.google.common.collect.MapConstraints.ConstrainedEntries.retainAll(Collection<?>)",1,1,1
"com.google.common.collect.MapConstraints.ConstrainedEntries.toArray()",1,1,1
"com.google.common.collect.MapConstraints.ConstrainedEntries.toArray(T[])",1,1,1
"com.google.common.collect.MapConstraints.ConstrainedEntrySet.ConstrainedEntrySet(Set<Entry<K, V>>,MapConstraint<? super K, ? super V>)",1,1,1
"com.google.common.collect.MapConstraints.ConstrainedEntrySet.equals(Object)",1,1,1
"com.google.common.collect.MapConstraints.ConstrainedEntrySet.hashCode()",1,1,1
"com.google.common.collect.MapConstraints.ConstrainedListMultimap.ConstrainedListMultimap(ListMultimap<K, V>,MapConstraint<? super K, ? super V>)",1,1,1
"com.google.common.collect.MapConstraints.ConstrainedListMultimap.get(K)",1,1,1
"com.google.common.collect.MapConstraints.ConstrainedListMultimap.removeAll(Object)",1,1,1
"com.google.common.collect.MapConstraints.ConstrainedListMultimap.replaceValues(K,Iterable<? extends V>)",1,1,1
"com.google.common.collect.MapConstraints.ConstrainedMap.ConstrainedMap(Map<K, V>,MapConstraint<? super K, ? super V>)",1,1,1
"com.google.common.collect.MapConstraints.ConstrainedMap.delegate()",1,1,1
"com.google.common.collect.MapConstraints.ConstrainedMap.entrySet()",1,2,2
"com.google.common.collect.MapConstraints.ConstrainedMap.put(K,V)",1,1,1
"com.google.common.collect.MapConstraints.ConstrainedMap.putAll(Map<? extends K, ? extends V>)",1,1,1
"com.google.common.collect.MapConstraints.ConstrainedMultimap.ConstrainedMultimap(Multimap<K, V>,MapConstraint<? super K, ? super V>)",1,1,1
"com.google.common.collect.MapConstraints.ConstrainedMultimap.asMap()",1,4,6
"com.google.common.collect.MapConstraints.ConstrainedMultimap.delegate()",1,1,1
"com.google.common.collect.MapConstraints.ConstrainedMultimap.entries()",1,2,2
"com.google.common.collect.MapConstraints.ConstrainedMultimap.get(K)",1,1,1
"com.google.common.collect.MapConstraints.ConstrainedMultimap.put(K,V)",1,1,1
"com.google.common.collect.MapConstraints.ConstrainedMultimap.putAll(K,Iterable<? extends V>)",1,1,1
"com.google.common.collect.MapConstraints.ConstrainedMultimap.putAll(Multimap<? extends K, ? extends V>)",1,2,2
"com.google.common.collect.MapConstraints.ConstrainedMultimap.replaceValues(K,Iterable<? extends V>)",1,1,1
"com.google.common.collect.MapConstraints.ConstrainedSetMultimap.ConstrainedSetMultimap(SetMultimap<K, V>,MapConstraint<? super K, ? super V>)",1,1,1
"com.google.common.collect.MapConstraints.ConstrainedSetMultimap.entries()",1,1,1
"com.google.common.collect.MapConstraints.ConstrainedSetMultimap.get(K)",1,1,1
"com.google.common.collect.MapConstraints.ConstrainedSetMultimap.removeAll(Object)",1,1,1
"com.google.common.collect.MapConstraints.ConstrainedSetMultimap.replaceValues(K,Iterable<? extends V>)",1,1,1
"com.google.common.collect.MapConstraints.ConstrainedSortedSetMultimap.ConstrainedSortedSetMultimap(SortedSetMultimap<K, V>,MapConstraint<? super K, ? super V>)",1,1,1
"com.google.common.collect.MapConstraints.ConstrainedSortedSetMultimap.get(K)",1,1,1
"com.google.common.collect.MapConstraints.ConstrainedSortedSetMultimap.removeAll(Object)",1,1,1
"com.google.common.collect.MapConstraints.ConstrainedSortedSetMultimap.replaceValues(K,Iterable<? extends V>)",1,1,1
"com.google.common.collect.MapConstraints.ConstrainedSortedSetMultimap.valueComparator()",1,1,1
"com.google.common.collect.MapConstraints.InverseConstraint.InverseConstraint(MapConstraint<? super V, ? super K>)",1,1,1
"com.google.common.collect.MapConstraints.InverseConstraint.checkKeyValue(K,V)",1,1,1
"com.google.common.collect.MapConstraints.MapConstraints()",1,1,1
"com.google.common.collect.MapConstraints.NotNullMapConstraint.checkKeyValue(Object,Object)",1,1,1
"com.google.common.collect.MapConstraints.NotNullMapConstraint.toString()",1,1,1
"com.google.common.collect.MapConstraints.checkMap(Map<? extends K, ? extends V>,MapConstraint<? super K, ? super V>)",1,2,2
"com.google.common.collect.MapConstraints.checkValues(K,Iterable<? extends V>,MapConstraint<? super K, ? super V>)",1,2,2
"com.google.common.collect.MapConstraints.constrainedAsMapEntries(Set<Entry<K, Collection<V>>>,MapConstraint<? super K, ? super V>)",1,1,1
"com.google.common.collect.MapConstraints.constrainedAsMapEntry(Entry<K, Collection<V>>,MapConstraint<? super K, ? super V>)",1,1,1
"com.google.common.collect.MapConstraints.constrainedBiMap(BiMap<K, V>,MapConstraint<? super K, ? super V>)",1,1,1
"com.google.common.collect.MapConstraints.constrainedEntries(Collection<Entry<K, V>>,MapConstraint<? super K, ? super V>)",2,2,2
"com.google.common.collect.MapConstraints.constrainedEntry(Entry<K, V>,MapConstraint<? super K, ? super V>)",1,1,1
"com.google.common.collect.MapConstraints.constrainedEntrySet(Set<Entry<K, V>>,MapConstraint<? super K, ? super V>)",1,1,1
"com.google.common.collect.MapConstraints.constrainedListMultimap(ListMultimap<K, V>,MapConstraint<? super K, ? super V>)",1,1,1
"com.google.common.collect.MapConstraints.constrainedMap(Map<K, V>,MapConstraint<? super K, ? super V>)",1,1,1
"com.google.common.collect.MapConstraints.constrainedMultimap(Multimap<K, V>,MapConstraint<? super K, ? super V>)",1,1,1
"com.google.common.collect.MapConstraints.constrainedSetMultimap(SetMultimap<K, V>,MapConstraint<? super K, ? super V>)",1,1,1
"com.google.common.collect.MapConstraints.constrainedSortedSetMultimap(SortedSetMultimap<K, V>,MapConstraint<? super K, ? super V>)",1,1,1
"com.google.common.collect.MapConstraints.notNull()",1,1,1
"com.google.common.collect.MapMaker.ComputingMapAdapter.ComputingMapAdapter(MapMaker,Function<? super K, ? extends V>)",1,1,1
"com.google.common.collect.MapMaker.ComputingMapAdapter.get(Object)",2,2,3
"com.google.common.collect.MapMaker.MapMaker()",1,1,1
"com.google.common.collect.MapMaker.NullComputingConcurrentMap.NullComputingConcurrentMap(MapMaker,Function<? super K, ? extends V>)",1,1,1
"com.google.common.collect.MapMaker.NullComputingConcurrentMap.compute(K)",1,1,3
"com.google.common.collect.MapMaker.NullComputingConcurrentMap.get(Object)",1,1,1
"com.google.common.collect.MapMaker.NullConcurrentMap.NullConcurrentMap(MapMaker)",1,1,1
"com.google.common.collect.MapMaker.NullConcurrentMap.containsKey(Object)",1,1,1
"com.google.common.collect.MapMaker.NullConcurrentMap.containsValue(Object)",1,1,1
"com.google.common.collect.MapMaker.NullConcurrentMap.entrySet()",1,1,1
"com.google.common.collect.MapMaker.NullConcurrentMap.get(Object)",1,1,1
"com.google.common.collect.MapMaker.NullConcurrentMap.notifyRemoval(K,V)",1,1,1
"com.google.common.collect.MapMaker.NullConcurrentMap.put(K,V)",1,1,1
"com.google.common.collect.MapMaker.NullConcurrentMap.putIfAbsent(K,V)",1,1,1
"com.google.common.collect.MapMaker.NullConcurrentMap.remove(Object)",1,1,1
"com.google.common.collect.MapMaker.NullConcurrentMap.remove(Object,Object)",1,1,1
"com.google.common.collect.MapMaker.NullConcurrentMap.replace(K,V)",1,1,1
"com.google.common.collect.MapMaker.NullConcurrentMap.replace(K,V,V)",1,1,1
"com.google.common.collect.MapMaker.RemovalNotification.RemovalNotification(K,V,RemovalCause)",1,1,1
"com.google.common.collect.MapMaker.RemovalNotification.getCause()",1,1,1
"com.google.common.collect.MapMaker.RemovalNotification.wasEvicted()",1,1,1
"com.google.common.collect.MapMaker.checkExpiration(long,TimeUnit)",1,1,1
"com.google.common.collect.MapMaker.concurrencyLevel(int)",1,1,1
"com.google.common.collect.MapMaker.expireAfterAccess(long,TimeUnit)",1,1,3
"com.google.common.collect.MapMaker.expireAfterWrite(long,TimeUnit)",1,1,3
"com.google.common.collect.MapMaker.getConcurrencyLevel()",1,1,2
"com.google.common.collect.MapMaker.getExpireAfterAccessNanos()",1,1,2
"com.google.common.collect.MapMaker.getExpireAfterWriteNanos()",1,1,2
"com.google.common.collect.MapMaker.getInitialCapacity()",1,1,2
"com.google.common.collect.MapMaker.getKeyEquivalence()",1,1,1
"com.google.common.collect.MapMaker.getKeyStrength()",1,1,1
"com.google.common.collect.MapMaker.getTicker()",1,1,1
"com.google.common.collect.MapMaker.getValueStrength()",1,1,1
"com.google.common.collect.MapMaker.initialCapacity(int)",1,1,1
"com.google.common.collect.MapMaker.keyEquivalence(Equivalence<Object>)",1,1,1
"com.google.common.collect.MapMaker.makeComputingMap(Function<? super K, ? extends V>)",1,1,2
"com.google.common.collect.MapMaker.makeCustomMap()",1,1,1
"com.google.common.collect.MapMaker.makeMap()",2,2,3
"com.google.common.collect.MapMaker.maximumSize(int)",1,1,2
"com.google.common.collect.MapMaker.removalListener(RemovalListener<K, V>)",1,1,1
"com.google.common.collect.MapMaker.setKeyStrength(Strength)",1,1,2
"com.google.common.collect.MapMaker.setValueStrength(Strength)",1,1,2
"com.google.common.collect.MapMaker.softKeys()",1,1,1
"com.google.common.collect.MapMaker.softValues()",1,1,1
"com.google.common.collect.MapMaker.toString()",1,10,10
"com.google.common.collect.MapMaker.weakKeys()",1,1,1
"com.google.common.collect.MapMaker.weakValues()",1,1,1
"com.google.common.collect.MapMakerInternalMap.AbstractReferenceEntry.getExpirationTime()",1,1,1
"com.google.common.collect.MapMakerInternalMap.AbstractReferenceEntry.getHash()",1,1,1
"com.google.common.collect.MapMakerInternalMap.AbstractReferenceEntry.getKey()",1,1,1
"com.google.common.collect.MapMakerInternalMap.AbstractReferenceEntry.getNext()",1,1,1
"com.google.common.collect.MapMakerInternalMap.AbstractReferenceEntry.getNextEvictable()",1,1,1
"com.google.common.collect.MapMakerInternalMap.AbstractReferenceEntry.getNextExpirable()",1,1,1
"com.google.common.collect.MapMakerInternalMap.AbstractReferenceEntry.getPreviousEvictable()",1,1,1
"com.google.common.collect.MapMakerInternalMap.AbstractReferenceEntry.getPreviousExpirable()",1,1,1
"com.google.common.collect.MapMakerInternalMap.AbstractReferenceEntry.getValueReference()",1,1,1
"com.google.common.collect.MapMakerInternalMap.AbstractReferenceEntry.setExpirationTime(long)",1,1,1
"com.google.common.collect.MapMakerInternalMap.AbstractReferenceEntry.setNextEvictable(ReferenceEntry<K, V>)",1,1,1
"com.google.common.collect.MapMakerInternalMap.AbstractReferenceEntry.setNextExpirable(ReferenceEntry<K, V>)",1,1,1
"com.google.common.collect.MapMakerInternalMap.AbstractReferenceEntry.setPreviousEvictable(ReferenceEntry<K, V>)",1,1,1
"com.google.common.collect.MapMakerInternalMap.AbstractReferenceEntry.setPreviousExpirable(ReferenceEntry<K, V>)",1,1,1
"com.google.common.collect.MapMakerInternalMap.AbstractReferenceEntry.setValueReference(ValueReference<K, V>)",1,1,1
"com.google.common.collect.MapMakerInternalMap.AbstractSerializationProxy.AbstractSerializationProxy(Strength,Strength,Equivalence<Object>,Equivalence<Object>,long,long,int,int,RemovalListener<? super K, ? super V>,ConcurrentMap<K, V>)",1,1,1
"com.google.common.collect.MapMakerInternalMap.AbstractSerializationProxy.delegate()",1,1,1
"com.google.common.collect.MapMakerInternalMap.AbstractSerializationProxy.readEntries(ObjectInputStream)",3,2,3
"com.google.common.collect.MapMakerInternalMap.AbstractSerializationProxy.readMapMaker(ObjectInputStream)",1,4,4
"com.google.common.collect.MapMakerInternalMap.AbstractSerializationProxy.writeMapTo(ObjectOutputStream)",1,2,2
"com.google.common.collect.MapMakerInternalMap.CleanupMapTask.CleanupMapTask(MapMakerInternalMap<?, ?>)",1,1,1
"com.google.common.collect.MapMakerInternalMap.CleanupMapTask.run()",2,2,3
"com.google.common.collect.MapMakerInternalMap.EntryFactory.copyEntry(Segment<K, V>,ReferenceEntry<K, V>,ReferenceEntry<K, V>)",1,1,1
"com.google.common.collect.MapMakerInternalMap.EntryFactory.copyEvictableEntry(ReferenceEntry<K, V>,ReferenceEntry<K, V>)",1,1,1
"com.google.common.collect.MapMakerInternalMap.EntryFactory.copyExpirableEntry(ReferenceEntry<K, V>,ReferenceEntry<K, V>)",1,1,1
"com.google.common.collect.MapMakerInternalMap.EntryFactory.getFactory(Strength,boolean,boolean)",1,1,3
"com.google.common.collect.MapMakerInternalMap.EntryIterator.next()",1,1,1
"com.google.common.collect.MapMakerInternalMap.EntrySet.clear()",1,1,1
"com.google.common.collect.MapMakerInternalMap.EntrySet.contains(Object)",3,2,4
"com.google.common.collect.MapMakerInternalMap.EntrySet.isEmpty()",1,1,1
"com.google.common.collect.MapMakerInternalMap.EntrySet.iterator()",1,1,1
"com.google.common.collect.MapMakerInternalMap.EntrySet.remove(Object)",2,2,3
"com.google.common.collect.MapMakerInternalMap.EntrySet.size()",1,1,1
"com.google.common.collect.MapMakerInternalMap.EvictionQueue.clear()",1,2,2
"com.google.common.collect.MapMakerInternalMap.EvictionQueue.contains(Object)",1,1,1
"com.google.common.collect.MapMakerInternalMap.EvictionQueue.isEmpty()",1,1,1
"com.google.common.collect.MapMakerInternalMap.EvictionQueue.iterator()",1,1,2
"com.google.common.collect.MapMakerInternalMap.EvictionQueue.offer(ReferenceEntry<K, V>)",1,1,1
"com.google.common.collect.MapMakerInternalMap.EvictionQueue.peek()",1,1,2
"com.google.common.collect.MapMakerInternalMap.EvictionQueue.poll()",2,1,2
"com.google.common.collect.MapMakerInternalMap.EvictionQueue.remove(Object)",1,1,1
"com.google.common.collect.MapMakerInternalMap.EvictionQueue.size()",1,1,2
"com.google.common.collect.MapMakerInternalMap.ExpirationQueue.clear()",1,2,2
"com.google.common.collect.MapMakerInternalMap.ExpirationQueue.contains(Object)",1,1,1
"com.google.common.collect.MapMakerInternalMap.ExpirationQueue.isEmpty()",1,1,1
"com.google.common.collect.MapMakerInternalMap.ExpirationQueue.iterator()",1,1,2
"com.google.common.collect.MapMakerInternalMap.ExpirationQueue.offer(ReferenceEntry<K, V>)",1,1,1
"com.google.common.collect.MapMakerInternalMap.ExpirationQueue.peek()",1,1,2
"com.google.common.collect.MapMakerInternalMap.ExpirationQueue.poll()",2,1,2
"com.google.common.collect.MapMakerInternalMap.ExpirationQueue.remove(Object)",1,1,1
"com.google.common.collect.MapMakerInternalMap.ExpirationQueue.size()",1,1,2
"com.google.common.collect.MapMakerInternalMap.HashIterator.HashIterator()",1,1,1
"com.google.common.collect.MapMakerInternalMap.HashIterator.advance()",6,3,6
"com.google.common.collect.MapMakerInternalMap.HashIterator.advanceTo(ReferenceEntry<K, V>)",2,1,2
"com.google.common.collect.MapMakerInternalMap.HashIterator.hasNext()",1,1,1
"com.google.common.collect.MapMakerInternalMap.HashIterator.nextEntry()",2,1,2
"com.google.common.collect.MapMakerInternalMap.HashIterator.nextInChain()",4,3,4
"com.google.common.collect.MapMakerInternalMap.HashIterator.nextInTable()",4,4,5
"com.google.common.collect.MapMakerInternalMap.HashIterator.remove()",1,1,1
"com.google.common.collect.MapMakerInternalMap.KeyIterator.next()",1,1,1
"com.google.common.collect.MapMakerInternalMap.KeySet.clear()",1,1,1
"com.google.common.collect.MapMakerInternalMap.KeySet.contains(Object)",1,1,1
"com.google.common.collect.MapMakerInternalMap.KeySet.isEmpty()",1,1,1
"com.google.common.collect.MapMakerInternalMap.KeySet.iterator()",1,1,1
"com.google.common.collect.MapMakerInternalMap.KeySet.remove(Object)",1,1,1
"com.google.common.collect.MapMakerInternalMap.KeySet.size()",1,1,1
"com.google.common.collect.MapMakerInternalMap.MapMakerInternalMap(MapMaker)",1,8,12
"com.google.common.collect.MapMakerInternalMap.NullEntry.getExpirationTime()",1,1,1
"com.google.common.collect.MapMakerInternalMap.NullEntry.getHash()",1,1,1
"com.google.common.collect.MapMakerInternalMap.NullEntry.getKey()",1,1,1
"com.google.common.collect.MapMakerInternalMap.NullEntry.getNext()",1,1,1
"com.google.common.collect.MapMakerInternalMap.NullEntry.getNextEvictable()",1,1,1
"com.google.common.collect.MapMakerInternalMap.NullEntry.getNextExpirable()",1,1,1
"com.google.common.collect.MapMakerInternalMap.NullEntry.getPreviousEvictable()",1,1,1
"com.google.common.collect.MapMakerInternalMap.NullEntry.getPreviousExpirable()",1,1,1
"com.google.common.collect.MapMakerInternalMap.NullEntry.getValueReference()",1,1,1
"com.google.common.collect.MapMakerInternalMap.NullEntry.setExpirationTime(long)",1,1,1
"com.google.common.collect.MapMakerInternalMap.NullEntry.setNextEvictable(ReferenceEntry<Object, Object>)",1,1,1
"com.google.common.collect.MapMakerInternalMap.NullEntry.setNextExpirable(ReferenceEntry<Object, Object>)",1,1,1
"com.google.common.collect.MapMakerInternalMap.NullEntry.setPreviousEvictable(ReferenceEntry<Object, Object>)",1,1,1
"com.google.common.collect.MapMakerInternalMap.NullEntry.setPreviousExpirable(ReferenceEntry<Object, Object>)",1,1,1
"com.google.common.collect.MapMakerInternalMap.NullEntry.setValueReference(ValueReference<Object, Object>)",1,1,1
"com.google.common.collect.MapMakerInternalMap.Segment.Segment(MapMakerInternalMap<K, V>,int,int)",1,5,7
"com.google.common.collect.MapMakerInternalMap.Segment.clear()",1,7,7
"com.google.common.collect.MapMakerInternalMap.Segment.clearKeyReferenceQueue()",1,1,2
"com.google.common.collect.MapMakerInternalMap.Segment.clearReferenceQueues()",1,3,3
"com.google.common.collect.MapMakerInternalMap.Segment.clearValue(K,int,ValueReference<K, V>)",4,6,6
"com.google.common.collect.MapMakerInternalMap.Segment.clearValueReferenceQueue()",1,1,2
"com.google.common.collect.MapMakerInternalMap.Segment.containsKey(Object,int)",3,2,3
"com.google.common.collect.MapMakerInternalMap.Segment.containsValue(Object)",6,4,6
"com.google.common.collect.MapMakerInternalMap.Segment.copyEntry(ReferenceEntry<K, V>,ReferenceEntry<K, V>)",3,2,4
"com.google.common.collect.MapMakerInternalMap.Segment.drainKeyReferenceQueue()",3,2,3
"com.google.common.collect.MapMakerInternalMap.Segment.drainRecencyQueue()",1,5,5
"com.google.common.collect.MapMakerInternalMap.Segment.drainReferenceQueues()",1,3,3
"com.google.common.collect.MapMakerInternalMap.Segment.drainValueReferenceQueue()",3,2,3
"com.google.common.collect.MapMakerInternalMap.Segment.enqueueNotification(K,int,V,RemovalCause)",1,2,2
"com.google.common.collect.MapMakerInternalMap.Segment.enqueueNotification(ReferenceEntry<K, V>,RemovalCause)",1,1,1
"com.google.common.collect.MapMakerInternalMap.Segment.evictEntries()",3,3,4
"com.google.common.collect.MapMakerInternalMap.Segment.expand()",2,7,9
"com.google.common.collect.MapMakerInternalMap.Segment.expireEntries()",4,3,5
"com.google.common.collect.MapMakerInternalMap.Segment.get(Object,int)",2,2,3
"com.google.common.collect.MapMakerInternalMap.Segment.getEntry(Object,int)",6,4,6
"com.google.common.collect.MapMakerInternalMap.Segment.getFirst(int)",1,1,1
"com.google.common.collect.MapMakerInternalMap.Segment.getLiveEntry(Object,int)",3,4,4
"com.google.common.collect.MapMakerInternalMap.Segment.getLiveValue(ReferenceEntry<K, V>)",4,5,5
"com.google.common.collect.MapMakerInternalMap.Segment.initTable(AtomicReferenceArray<ReferenceEntry<K, V>>)",1,1,2
"com.google.common.collect.MapMakerInternalMap.Segment.isCollected(ValueReference<K, V>)",2,1,2
"com.google.common.collect.MapMakerInternalMap.Segment.newEntry(K,int,ReferenceEntry<K, V>)",1,1,1
"com.google.common.collect.MapMakerInternalMap.Segment.newEntryArray(int)",1,1,1
"com.google.common.collect.MapMakerInternalMap.Segment.postReadCleanup()",1,2,2
"com.google.common.collect.MapMakerInternalMap.Segment.postWriteCleanup()",1,1,1
"com.google.common.collect.MapMakerInternalMap.Segment.preWriteCleanup()",1,1,1
"com.google.common.collect.MapMakerInternalMap.Segment.put(K,int,V,boolean)",5,9,11
"com.google.common.collect.MapMakerInternalMap.Segment.reclaimKey(ReferenceEntry<K, V>,int)",3,3,3
"com.google.common.collect.MapMakerInternalMap.Segment.reclaimValue(K,int,ValueReference<K, V>)",4,7,7
"com.google.common.collect.MapMakerInternalMap.Segment.recordExpirationTime(ReferenceEntry<K, V>,long)",1,1,1
"com.google.common.collect.MapMakerInternalMap.Segment.recordLockedRead(ReferenceEntry<K, V>)",1,2,2
"com.google.common.collect.MapMakerInternalMap.Segment.recordRead(ReferenceEntry<K, V>)",1,2,2
"com.google.common.collect.MapMakerInternalMap.Segment.recordWrite(ReferenceEntry<K, V>)",1,2,3
"com.google.common.collect.MapMakerInternalMap.Segment.remove(Object,int)",5,6,7
"com.google.common.collect.MapMakerInternalMap.Segment.remove(Object,int,Object)",5,6,7
"com.google.common.collect.MapMakerInternalMap.Segment.removeCollectedEntry(ReferenceEntry<K, V>)",1,1,1
"com.google.common.collect.MapMakerInternalMap.Segment.removeEntry(ReferenceEntry<K, V>,int,RemovalCause)",3,3,3
"com.google.common.collect.MapMakerInternalMap.Segment.removeFromChain(ReferenceEntry<K, V>,ReferenceEntry<K, V>)",1,3,3
"com.google.common.collect.MapMakerInternalMap.Segment.replace(K,int,V)",4,7,7
"com.google.common.collect.MapMakerInternalMap.Segment.replace(K,int,V,V)",5,8,8
"com.google.common.collect.MapMakerInternalMap.Segment.runCleanup()",1,1,1
"com.google.common.collect.MapMakerInternalMap.Segment.runLockedCleanup()",1,2,2
"com.google.common.collect.MapMakerInternalMap.Segment.runUnlockedCleanup()",1,2,2
"com.google.common.collect.MapMakerInternalMap.Segment.setValue(ReferenceEntry<K, V>,V)",1,1,1
"com.google.common.collect.MapMakerInternalMap.Segment.tryDrainReferenceQueues()",1,2,2
"com.google.common.collect.MapMakerInternalMap.Segment.tryExpireEntries()",1,2,2
"com.google.common.collect.MapMakerInternalMap.SerializationProxy.SerializationProxy(Strength,Strength,Equivalence<Object>,Equivalence<Object>,long,long,int,int,RemovalListener<? super K, ? super V>,ConcurrentMap<K, V>)",1,1,1
"com.google.common.collect.MapMakerInternalMap.SerializationProxy.readObject(ObjectInputStream)",1,1,1
"com.google.common.collect.MapMakerInternalMap.SerializationProxy.readResolve()",1,1,1
"com.google.common.collect.MapMakerInternalMap.SerializationProxy.writeObject(ObjectOutputStream)",1,1,1
"com.google.common.collect.MapMakerInternalMap.SoftEntry.SoftEntry(ReferenceQueue<K>,K,int,ReferenceEntry<K, V>)",1,1,1
"com.google.common.collect.MapMakerInternalMap.SoftEntry.getExpirationTime()",1,1,1
"com.google.common.collect.MapMakerInternalMap.SoftEntry.getHash()",1,1,1
"com.google.common.collect.MapMakerInternalMap.SoftEntry.getKey()",1,1,1
"com.google.common.collect.MapMakerInternalMap.SoftEntry.getNext()",1,1,1
"com.google.common.collect.MapMakerInternalMap.SoftEntry.getNextEvictable()",1,1,1
"com.google.common.collect.MapMakerInternalMap.SoftEntry.getNextExpirable()",1,1,1
"com.google.common.collect.MapMakerInternalMap.SoftEntry.getPreviousEvictable()",1,1,1
"com.google.common.collect.MapMakerInternalMap.SoftEntry.getPreviousExpirable()",1,1,1
"com.google.common.collect.MapMakerInternalMap.SoftEntry.getValueReference()",1,1,1
"com.google.common.collect.MapMakerInternalMap.SoftEntry.setExpirationTime(long)",1,1,1
"com.google.common.collect.MapMakerInternalMap.SoftEntry.setNextEvictable(ReferenceEntry<K, V>)",1,1,1
"com.google.common.collect.MapMakerInternalMap.SoftEntry.setNextExpirable(ReferenceEntry<K, V>)",1,1,1
"com.google.common.collect.MapMakerInternalMap.SoftEntry.setPreviousEvictable(ReferenceEntry<K, V>)",1,1,1
"com.google.common.collect.MapMakerInternalMap.SoftEntry.setPreviousExpirable(ReferenceEntry<K, V>)",1,1,1
"com.google.common.collect.MapMakerInternalMap.SoftEntry.setValueReference(ValueReference<K, V>)",1,1,1
"com.google.common.collect.MapMakerInternalMap.SoftEvictableEntry.SoftEvictableEntry(ReferenceQueue<K>,K,int,ReferenceEntry<K, V>)",1,1,1
"com.google.common.collect.MapMakerInternalMap.SoftEvictableEntry.getNextEvictable()",1,1,1
"com.google.common.collect.MapMakerInternalMap.SoftEvictableEntry.getPreviousEvictable()",1,1,1
"com.google.common.collect.MapMakerInternalMap.SoftEvictableEntry.setNextEvictable(ReferenceEntry<K, V>)",1,1,1
"com.google.common.collect.MapMakerInternalMap.SoftEvictableEntry.setPreviousEvictable(ReferenceEntry<K, V>)",1,1,1
"com.google.common.collect.MapMakerInternalMap.SoftExpirableEntry.SoftExpirableEntry(ReferenceQueue<K>,K,int,ReferenceEntry<K, V>)",1,1,1
"com.google.common.collect.MapMakerInternalMap.SoftExpirableEntry.getExpirationTime()",1,1,1
"com.google.common.collect.MapMakerInternalMap.SoftExpirableEntry.getNextExpirable()",1,1,1
"com.google.common.collect.MapMakerInternalMap.SoftExpirableEntry.getPreviousExpirable()",1,1,1
"com.google.common.collect.MapMakerInternalMap.SoftExpirableEntry.setExpirationTime(long)",1,1,1
"com.google.common.collect.MapMakerInternalMap.SoftExpirableEntry.setNextExpirable(ReferenceEntry<K, V>)",1,1,1
"com.google.common.collect.MapMakerInternalMap.SoftExpirableEntry.setPreviousExpirable(ReferenceEntry<K, V>)",1,1,1
"com.google.common.collect.MapMakerInternalMap.SoftExpirableEvictableEntry.SoftExpirableEvictableEntry(ReferenceQueue<K>,K,int,ReferenceEntry<K, V>)",1,1,1
"com.google.common.collect.MapMakerInternalMap.SoftExpirableEvictableEntry.getExpirationTime()",1,1,1
"com.google.common.collect.MapMakerInternalMap.SoftExpirableEvictableEntry.getNextEvictable()",1,1,1
"com.google.common.collect.MapMakerInternalMap.SoftExpirableEvictableEntry.getNextExpirable()",1,1,1
"com.google.common.collect.MapMakerInternalMap.SoftExpirableEvictableEntry.getPreviousEvictable()",1,1,1
"com.google.common.collect.MapMakerInternalMap.SoftExpirableEvictableEntry.getPreviousExpirable()",1,1,1
"com.google.common.collect.MapMakerInternalMap.SoftExpirableEvictableEntry.setExpirationTime(long)",1,1,1
"com.google.common.collect.MapMakerInternalMap.SoftExpirableEvictableEntry.setNextEvictable(ReferenceEntry<K, V>)",1,1,1
"com.google.common.collect.MapMakerInternalMap.SoftExpirableEvictableEntry.setNextExpirable(ReferenceEntry<K, V>)",1,1,1
"com.google.common.collect.MapMakerInternalMap.SoftExpirableEvictableEntry.setPreviousEvictable(ReferenceEntry<K, V>)",1,1,1
"com.google.common.collect.MapMakerInternalMap.SoftExpirableEvictableEntry.setPreviousExpirable(ReferenceEntry<K, V>)",1,1,1
"com.google.common.collect.MapMakerInternalMap.SoftValueReference.SoftValueReference(ReferenceQueue<V>,V,ReferenceEntry<K, V>)",1,1,1
"com.google.common.collect.MapMakerInternalMap.SoftValueReference.clear(ValueReference<K, V>)",1,1,1
"com.google.common.collect.MapMakerInternalMap.SoftValueReference.copyFor(ReferenceQueue<V>,V,ReferenceEntry<K, V>)",1,1,1
"com.google.common.collect.MapMakerInternalMap.SoftValueReference.getEntry()",1,1,1
"com.google.common.collect.MapMakerInternalMap.SoftValueReference.isComputingReference()",1,1,1
"com.google.common.collect.MapMakerInternalMap.SoftValueReference.waitForValue()",1,1,1
"com.google.common.collect.MapMakerInternalMap.StrongEntry.StrongEntry(K,int,ReferenceEntry<K, V>)",1,1,1
"com.google.common.collect.MapMakerInternalMap.StrongEntry.getExpirationTime()",1,1,1
"com.google.common.collect.MapMakerInternalMap.StrongEntry.getHash()",1,1,1
"com.google.common.collect.MapMakerInternalMap.StrongEntry.getKey()",1,1,1
"com.google.common.collect.MapMakerInternalMap.StrongEntry.getNext()",1,1,1
"com.google.common.collect.MapMakerInternalMap.StrongEntry.getNextEvictable()",1,1,1
"com.google.common.collect.MapMakerInternalMap.StrongEntry.getNextExpirable()",1,1,1
"com.google.common.collect.MapMakerInternalMap.StrongEntry.getPreviousEvictable()",1,1,1
"com.google.common.collect.MapMakerInternalMap.StrongEntry.getPreviousExpirable()",1,1,1
"com.google.common.collect.MapMakerInternalMap.StrongEntry.getValueReference()",1,1,1
"com.google.common.collect.MapMakerInternalMap.StrongEntry.setExpirationTime(long)",1,1,1
"com.google.common.collect.MapMakerInternalMap.StrongEntry.setNextEvictable(ReferenceEntry<K, V>)",1,1,1
"com.google.common.collect.MapMakerInternalMap.StrongEntry.setNextExpirable(ReferenceEntry<K, V>)",1,1,1
"com.google.common.collect.MapMakerInternalMap.StrongEntry.setPreviousEvictable(ReferenceEntry<K, V>)",1,1,1
"com.google.common.collect.MapMakerInternalMap.StrongEntry.setPreviousExpirable(ReferenceEntry<K, V>)",1,1,1
"com.google.common.collect.MapMakerInternalMap.StrongEntry.setValueReference(ValueReference<K, V>)",1,1,1
"com.google.common.collect.MapMakerInternalMap.StrongEvictableEntry.StrongEvictableEntry(K,int,ReferenceEntry<K, V>)",1,1,1
"com.google.common.collect.MapMakerInternalMap.StrongEvictableEntry.getNextEvictable()",1,1,1
"com.google.common.collect.MapMakerInternalMap.StrongEvictableEntry.getPreviousEvictable()",1,1,1
"com.google.common.collect.MapMakerInternalMap.StrongEvictableEntry.setNextEvictable(ReferenceEntry<K, V>)",1,1,1
"com.google.common.collect.MapMakerInternalMap.StrongEvictableEntry.setPreviousEvictable(ReferenceEntry<K, V>)",1,1,1
"com.google.common.collect.MapMakerInternalMap.StrongExpirableEntry.StrongExpirableEntry(K,int,ReferenceEntry<K, V>)",1,1,1
"com.google.common.collect.MapMakerInternalMap.StrongExpirableEntry.getExpirationTime()",1,1,1
"com.google.common.collect.MapMakerInternalMap.StrongExpirableEntry.getNextExpirable()",1,1,1
"com.google.common.collect.MapMakerInternalMap.StrongExpirableEntry.getPreviousExpirable()",1,1,1
"com.google.common.collect.MapMakerInternalMap.StrongExpirableEntry.setExpirationTime(long)",1,1,1
"com.google.common.collect.MapMakerInternalMap.StrongExpirableEntry.setNextExpirable(ReferenceEntry<K, V>)",1,1,1
"com.google.common.collect.MapMakerInternalMap.StrongExpirableEntry.setPreviousExpirable(ReferenceEntry<K, V>)",1,1,1
"com.google.common.collect.MapMakerInternalMap.StrongExpirableEvictableEntry.StrongExpirableEvictableEntry(K,int,ReferenceEntry<K, V>)",1,1,1
"com.google.common.collect.MapMakerInternalMap.StrongExpirableEvictableEntry.getExpirationTime()",1,1,1
"com.google.common.collect.MapMakerInternalMap.StrongExpirableEvictableEntry.getNextEvictable()",1,1,1
"com.google.common.collect.MapMakerInternalMap.StrongExpirableEvictableEntry.getNextExpirable()",1,1,1
"com.google.common.collect.MapMakerInternalMap.StrongExpirableEvictableEntry.getPreviousEvictable()",1,1,1
"com.google.common.collect.MapMakerInternalMap.StrongExpirableEvictableEntry.getPreviousExpirable()",1,1,1
"com.google.common.collect.MapMakerInternalMap.StrongExpirableEvictableEntry.setExpirationTime(long)",1,1,1
"com.google.common.collect.MapMakerInternalMap.StrongExpirableEvictableEntry.setNextEvictable(ReferenceEntry<K, V>)",1,1,1
"com.google.common.collect.MapMakerInternalMap.StrongExpirableEvictableEntry.setNextExpirable(ReferenceEntry<K, V>)",1,1,1
"com.google.common.collect.MapMakerInternalMap.StrongExpirableEvictableEntry.setPreviousEvictable(ReferenceEntry<K, V>)",1,1,1
"com.google.common.collect.MapMakerInternalMap.StrongExpirableEvictableEntry.setPreviousExpirable(ReferenceEntry<K, V>)",1,1,1
"com.google.common.collect.MapMakerInternalMap.StrongValueReference.StrongValueReference(V)",1,1,1
"com.google.common.collect.MapMakerInternalMap.StrongValueReference.clear(ValueReference<K, V>)",1,1,1
"com.google.common.collect.MapMakerInternalMap.StrongValueReference.copyFor(ReferenceQueue<V>,V,ReferenceEntry<K, V>)",1,1,1
"com.google.common.collect.MapMakerInternalMap.StrongValueReference.get()",1,1,1
"com.google.common.collect.MapMakerInternalMap.StrongValueReference.getEntry()",1,1,1
"com.google.common.collect.MapMakerInternalMap.StrongValueReference.isComputingReference()",1,1,1
"com.google.common.collect.MapMakerInternalMap.StrongValueReference.waitForValue()",1,1,1
"com.google.common.collect.MapMakerInternalMap.ValueIterator.next()",1,1,1
"com.google.common.collect.MapMakerInternalMap.Values.clear()",1,1,1
"com.google.common.collect.MapMakerInternalMap.Values.contains(Object)",1,1,1
"com.google.common.collect.MapMakerInternalMap.Values.isEmpty()",1,1,1
"com.google.common.collect.MapMakerInternalMap.Values.iterator()",1,1,1
"com.google.common.collect.MapMakerInternalMap.Values.size()",1,1,1
"com.google.common.collect.MapMakerInternalMap.WeakEntry.WeakEntry(ReferenceQueue<K>,K,int,ReferenceEntry<K, V>)",1,1,1
"com.google.common.collect.MapMakerInternalMap.WeakEntry.getExpirationTime()",1,1,1
"com.google.common.collect.MapMakerInternalMap.WeakEntry.getHash()",1,1,1
"com.google.common.collect.MapMakerInternalMap.WeakEntry.getKey()",1,1,1
"com.google.common.collect.MapMakerInternalMap.WeakEntry.getNext()",1,1,1
"com.google.common.collect.MapMakerInternalMap.WeakEntry.getNextEvictable()",1,1,1
"com.google.common.collect.MapMakerInternalMap.WeakEntry.getNextExpirable()",1,1,1
"com.google.common.collect.MapMakerInternalMap.WeakEntry.getPreviousEvictable()",1,1,1
"com.google.common.collect.MapMakerInternalMap.WeakEntry.getPreviousExpirable()",1,1,1
"com.google.common.collect.MapMakerInternalMap.WeakEntry.getValueReference()",1,1,1
"com.google.common.collect.MapMakerInternalMap.WeakEntry.setExpirationTime(long)",1,1,1
"com.google.common.collect.MapMakerInternalMap.WeakEntry.setNextEvictable(ReferenceEntry<K, V>)",1,1,1
"com.google.common.collect.MapMakerInternalMap.WeakEntry.setNextExpirable(ReferenceEntry<K, V>)",1,1,1
"com.google.common.collect.MapMakerInternalMap.WeakEntry.setPreviousEvictable(ReferenceEntry<K, V>)",1,1,1
"com.google.common.collect.MapMakerInternalMap.WeakEntry.setPreviousExpirable(ReferenceEntry<K, V>)",1,1,1
"com.google.common.collect.MapMakerInternalMap.WeakEntry.setValueReference(ValueReference<K, V>)",1,1,1
"com.google.common.collect.MapMakerInternalMap.WeakEvictableEntry.WeakEvictableEntry(ReferenceQueue<K>,K,int,ReferenceEntry<K, V>)",1,1,1
"com.google.common.collect.MapMakerInternalMap.WeakEvictableEntry.getNextEvictable()",1,1,1
"com.google.common.collect.MapMakerInternalMap.WeakEvictableEntry.getPreviousEvictable()",1,1,1
"com.google.common.collect.MapMakerInternalMap.WeakEvictableEntry.setNextEvictable(ReferenceEntry<K, V>)",1,1,1
"com.google.common.collect.MapMakerInternalMap.WeakEvictableEntry.setPreviousEvictable(ReferenceEntry<K, V>)",1,1,1
"com.google.common.collect.MapMakerInternalMap.WeakExpirableEntry.WeakExpirableEntry(ReferenceQueue<K>,K,int,ReferenceEntry<K, V>)",1,1,1
"com.google.common.collect.MapMakerInternalMap.WeakExpirableEntry.getExpirationTime()",1,1,1
"com.google.common.collect.MapMakerInternalMap.WeakExpirableEntry.getNextExpirable()",1,1,1
"com.google.common.collect.MapMakerInternalMap.WeakExpirableEntry.getPreviousExpirable()",1,1,1
"com.google.common.collect.MapMakerInternalMap.WeakExpirableEntry.setExpirationTime(long)",1,1,1
"com.google.common.collect.MapMakerInternalMap.WeakExpirableEntry.setNextExpirable(ReferenceEntry<K, V>)",1,1,1
"com.google.common.collect.MapMakerInternalMap.WeakExpirableEntry.setPreviousExpirable(ReferenceEntry<K, V>)",1,1,1
"com.google.common.collect.MapMakerInternalMap.WeakExpirableEvictableEntry.WeakExpirableEvictableEntry(ReferenceQueue<K>,K,int,ReferenceEntry<K, V>)",1,1,1
"com.google.common.collect.MapMakerInternalMap.WeakExpirableEvictableEntry.getExpirationTime()",1,1,1
"com.google.common.collect.MapMakerInternalMap.WeakExpirableEvictableEntry.getNextEvictable()",1,1,1
"com.google.common.collect.MapMakerInternalMap.WeakExpirableEvictableEntry.getNextExpirable()",1,1,1
"com.google.common.collect.MapMakerInternalMap.WeakExpirableEvictableEntry.getPreviousEvictable()",1,1,1
"com.google.common.collect.MapMakerInternalMap.WeakExpirableEvictableEntry.getPreviousExpirable()",1,1,1
"com.google.common.collect.MapMakerInternalMap.WeakExpirableEvictableEntry.setExpirationTime(long)",1,1,1
"com.google.common.collect.MapMakerInternalMap.WeakExpirableEvictableEntry.setNextEvictable(ReferenceEntry<K, V>)",1,1,1
"com.google.common.collect.MapMakerInternalMap.WeakExpirableEvictableEntry.setNextExpirable(ReferenceEntry<K, V>)",1,1,1
"com.google.common.collect.MapMakerInternalMap.WeakExpirableEvictableEntry.setPreviousEvictable(ReferenceEntry<K, V>)",1,1,1
"com.google.common.collect.MapMakerInternalMap.WeakExpirableEvictableEntry.setPreviousExpirable(ReferenceEntry<K, V>)",1,1,1
"com.google.common.collect.MapMakerInternalMap.WeakValueReference.WeakValueReference(ReferenceQueue<V>,V,ReferenceEntry<K, V>)",1,1,1
"com.google.common.collect.MapMakerInternalMap.WeakValueReference.clear(ValueReference<K, V>)",1,1,1
"com.google.common.collect.MapMakerInternalMap.WeakValueReference.copyFor(ReferenceQueue<V>,V,ReferenceEntry<K, V>)",1,1,1
"com.google.common.collect.MapMakerInternalMap.WeakValueReference.getEntry()",1,1,1
"com.google.common.collect.MapMakerInternalMap.WeakValueReference.isComputingReference()",1,1,1
"com.google.common.collect.MapMakerInternalMap.WeakValueReference.waitForValue()",1,1,1
"com.google.common.collect.MapMakerInternalMap.WriteThroughEntry.WriteThroughEntry(K,V)",1,1,1
"com.google.common.collect.MapMakerInternalMap.WriteThroughEntry.equals(Object)",2,3,3
"com.google.common.collect.MapMakerInternalMap.WriteThroughEntry.getKey()",1,1,1
"com.google.common.collect.MapMakerInternalMap.WriteThroughEntry.getValue()",1,1,1
"com.google.common.collect.MapMakerInternalMap.WriteThroughEntry.hashCode()",1,1,1
"com.google.common.collect.MapMakerInternalMap.WriteThroughEntry.setValue(V)",1,1,1
"com.google.common.collect.MapMakerInternalMap.clear()",1,2,2
"com.google.common.collect.MapMakerInternalMap.connectEvictables(ReferenceEntry<K, V>,ReferenceEntry<K, V>)",1,1,1
"com.google.common.collect.MapMakerInternalMap.connectExpirables(ReferenceEntry<K, V>,ReferenceEntry<K, V>)",1,1,1
"com.google.common.collect.MapMakerInternalMap.containsKey(Object)",2,1,2
"com.google.common.collect.MapMakerInternalMap.containsValue(Object)",8,6,9
"com.google.common.collect.MapMakerInternalMap.copyEntry(ReferenceEntry<K, V>,ReferenceEntry<K, V>)",1,1,1
"com.google.common.collect.MapMakerInternalMap.createSegment(int,int)",1,1,1
"com.google.common.collect.MapMakerInternalMap.discardingQueue()",1,1,1
"com.google.common.collect.MapMakerInternalMap.entrySet()",1,1,2
"com.google.common.collect.MapMakerInternalMap.evictsBySize()",1,1,1
"com.google.common.collect.MapMakerInternalMap.expires()",1,2,2
"com.google.common.collect.MapMakerInternalMap.expiresAfterAccess()",1,1,1
"com.google.common.collect.MapMakerInternalMap.expiresAfterWrite()",1,1,1
"com.google.common.collect.MapMakerInternalMap.get(Object)",2,1,2
"com.google.common.collect.MapMakerInternalMap.getEntry(Object)",2,1,2
"com.google.common.collect.MapMakerInternalMap.getLiveValue(ReferenceEntry<K, V>)",4,2,5
"com.google.common.collect.MapMakerInternalMap.hash(Object)",1,1,1
"com.google.common.collect.MapMakerInternalMap.isEmpty()",7,1,7
"com.google.common.collect.MapMakerInternalMap.isExpired(ReferenceEntry<K, V>)",1,1,1
"com.google.common.collect.MapMakerInternalMap.isExpired(ReferenceEntry<K, V>,long)",1,1,1
"com.google.common.collect.MapMakerInternalMap.isLive(ReferenceEntry<K, V>)",1,1,1
"com.google.common.collect.MapMakerInternalMap.keySet()",1,1,2
"com.google.common.collect.MapMakerInternalMap.newEntry(K,int,ReferenceEntry<K, V>)",1,1,1
"com.google.common.collect.MapMakerInternalMap.newSegmentArray(int)",1,1,1
"com.google.common.collect.MapMakerInternalMap.newValueReference(ReferenceEntry<K, V>,V)",1,1,1
"com.google.common.collect.MapMakerInternalMap.nullEntry()",1,1,1
"com.google.common.collect.MapMakerInternalMap.nullifyEvictable(ReferenceEntry<K, V>)",1,1,1
"com.google.common.collect.MapMakerInternalMap.nullifyExpirable(ReferenceEntry<K, V>)",1,1,1
"com.google.common.collect.MapMakerInternalMap.processPendingNotifications()",1,3,3
"com.google.common.collect.MapMakerInternalMap.put(K,V)",1,1,1
"com.google.common.collect.MapMakerInternalMap.putAll(Map<? extends K, ? extends V>)",1,2,2
"com.google.common.collect.MapMakerInternalMap.putIfAbsent(K,V)",1,1,1
"com.google.common.collect.MapMakerInternalMap.reclaimKey(ReferenceEntry<K, V>)",1,1,1
"com.google.common.collect.MapMakerInternalMap.reclaimValue(ValueReference<K, V>)",1,1,1
"com.google.common.collect.MapMakerInternalMap.rehash(int)",1,1,1
"com.google.common.collect.MapMakerInternalMap.remove(Object)",2,1,2
"com.google.common.collect.MapMakerInternalMap.remove(Object,Object)",2,1,3
"com.google.common.collect.MapMakerInternalMap.replace(K,V)",1,1,1
"com.google.common.collect.MapMakerInternalMap.replace(K,V,V)",2,1,2
"com.google.common.collect.MapMakerInternalMap.segmentFor(int)",1,1,1
"com.google.common.collect.MapMakerInternalMap.size()",1,1,2
"com.google.common.collect.MapMakerInternalMap.unset()",1,1,1
"com.google.common.collect.MapMakerInternalMap.usesKeyReferences()",1,1,1
"com.google.common.collect.MapMakerInternalMap.usesValueReferences()",1,1,1
"com.google.common.collect.MapMakerInternalMap.values()",1,1,2
"com.google.common.collect.MapMakerInternalMap.writeReplace()",1,1,1
"com.google.common.collect.Maps.AbstractFilteredMap.AbstractFilteredMap(Map<K, V>,Predicate<? super Entry<K, V>>)",1,1,1
"com.google.common.collect.Maps.AbstractFilteredMap.Values.clear()",1,1,1
"com.google.common.collect.Maps.AbstractFilteredMap.Values.isEmpty()",1,1,1
"com.google.common.collect.Maps.AbstractFilteredMap.Values.iterator()",1,1,1
"com.google.common.collect.Maps.AbstractFilteredMap.Values.remove(Object)",3,4,4
"com.google.common.collect.Maps.AbstractFilteredMap.Values.removeAll(Collection<?>)",1,4,4
"com.google.common.collect.Maps.AbstractFilteredMap.Values.retainAll(Collection<?>)",1,4,4
"com.google.common.collect.Maps.AbstractFilteredMap.Values.size()",1,1,1
"com.google.common.collect.Maps.AbstractFilteredMap.Values.toArray()",1,1,1
"com.google.common.collect.Maps.AbstractFilteredMap.Values.toArray(T[])",1,1,1
"com.google.common.collect.Maps.AbstractFilteredMap.apply(Object,V)",1,1,1
"com.google.common.collect.Maps.AbstractFilteredMap.containsKey(Object)",1,2,2
"com.google.common.collect.Maps.AbstractFilteredMap.get(Object)",1,2,3
"com.google.common.collect.Maps.AbstractFilteredMap.isEmpty()",1,1,1
"com.google.common.collect.Maps.AbstractFilteredMap.put(K,V)",1,1,1
"com.google.common.collect.Maps.AbstractFilteredMap.putAll(Map<? extends K, ? extends V>)",1,2,2
"com.google.common.collect.Maps.AbstractFilteredMap.remove(Object)",1,2,2
"com.google.common.collect.Maps.AbstractFilteredMap.values()",1,1,2
"com.google.common.collect.Maps.AsMapView.AsMapView(Set<K>,Function<? super K, V>)",1,1,1
"com.google.common.collect.Maps.AsMapView.backingSet()",1,1,1
"com.google.common.collect.Maps.AsMapView.clear()",1,1,1
"com.google.common.collect.Maps.AsMapView.containsKey(Object)",1,1,1
"com.google.common.collect.Maps.AsMapView.createEntrySet()",1,1,1
"com.google.common.collect.Maps.AsMapView.entry(K)",1,1,1
"com.google.common.collect.Maps.AsMapView.get(Object)",2,2,2
"com.google.common.collect.Maps.AsMapView.keySet()",1,1,1
"com.google.common.collect.Maps.AsMapView.remove(Object)",2,2,2
"com.google.common.collect.Maps.AsMapView.size()",1,1,1
"com.google.common.collect.Maps.AsMapView.values()",1,1,1
"com.google.common.collect.Maps.DescendingMap.ceilingEntry(K)",1,1,1
"com.google.common.collect.Maps.DescendingMap.ceilingKey(K)",1,1,1
"com.google.common.collect.Maps.DescendingMap.comparator()",1,3,3
"com.google.common.collect.Maps.DescendingMap.createEntrySet()",1,1,1
"com.google.common.collect.Maps.DescendingMap.delegate()",1,1,1
"com.google.common.collect.Maps.DescendingMap.descendingKeySet()",1,1,1
"com.google.common.collect.Maps.DescendingMap.descendingMap()",1,1,1
"com.google.common.collect.Maps.DescendingMap.entrySet()",1,2,2
"com.google.common.collect.Maps.DescendingMap.firstEntry()",1,1,1
"com.google.common.collect.Maps.DescendingMap.firstKey()",1,1,1
"com.google.common.collect.Maps.DescendingMap.floorEntry(K)",1,1,1
"com.google.common.collect.Maps.DescendingMap.floorKey(K)",1,1,1
"com.google.common.collect.Maps.DescendingMap.headMap(K)",1,1,1
"com.google.common.collect.Maps.DescendingMap.headMap(K,boolean)",1,1,1
"com.google.common.collect.Maps.DescendingMap.higherEntry(K)",1,1,1
"com.google.common.collect.Maps.DescendingMap.higherKey(K)",1,1,1
"com.google.common.collect.Maps.DescendingMap.keySet()",1,1,1
"com.google.common.collect.Maps.DescendingMap.lastEntry()",1,1,1
"com.google.common.collect.Maps.DescendingMap.lastKey()",1,1,1
"com.google.common.collect.Maps.DescendingMap.lowerEntry(K)",1,1,1
"com.google.common.collect.Maps.DescendingMap.lowerKey(K)",1,1,1
"com.google.common.collect.Maps.DescendingMap.navigableKeySet()",1,1,2
"com.google.common.collect.Maps.DescendingMap.pollFirstEntry()",1,1,1
"com.google.common.collect.Maps.DescendingMap.pollLastEntry()",1,1,1
"com.google.common.collect.Maps.DescendingMap.reverse(Comparator<T>)",1,1,1
"com.google.common.collect.Maps.DescendingMap.subMap(K,K)",1,1,1
"com.google.common.collect.Maps.DescendingMap.subMap(K,boolean,K,boolean)",1,1,1
"com.google.common.collect.Maps.DescendingMap.tailMap(K)",1,1,1
"com.google.common.collect.Maps.DescendingMap.tailMap(K,boolean)",1,1,1
"com.google.common.collect.Maps.DescendingMap.values()",1,1,1
"com.google.common.collect.Maps.EntrySet.clear()",1,1,1
"com.google.common.collect.Maps.EntrySet.contains(Object)",2,4,4
"com.google.common.collect.Maps.EntrySet.isEmpty()",1,1,1
"com.google.common.collect.Maps.EntrySet.remove(Object)",2,2,2
"com.google.common.collect.Maps.EntrySet.removeAll(Collection<?>)",1,3,3
"com.google.common.collect.Maps.EntrySet.retainAll(Collection<?>)",1,4,4
"com.google.common.collect.Maps.EntrySet.size()",1,1,1
"com.google.common.collect.Maps.FilteredEntryMap.EntrySet.delegate()",1,1,1
"com.google.common.collect.Maps.FilteredEntryMap.EntrySet.iterator()",1,1,1
"com.google.common.collect.Maps.FilteredEntryMap.FilteredEntryMap(Map<K, V>,Predicate<? super Entry<K, V>>)",1,1,1
"com.google.common.collect.Maps.FilteredEntryMap.KeySet.clear()",1,1,1
"com.google.common.collect.Maps.FilteredEntryMap.KeySet.contains(Object)",1,1,1
"com.google.common.collect.Maps.FilteredEntryMap.KeySet.iterator()",1,1,1
"com.google.common.collect.Maps.FilteredEntryMap.KeySet.remove(Object)",2,2,2
"com.google.common.collect.Maps.FilteredEntryMap.KeySet.retainAll(Collection<?>)",1,4,4
"com.google.common.collect.Maps.FilteredEntryMap.KeySet.size()",1,1,1
"com.google.common.collect.Maps.FilteredEntryMap.KeySet.toArray()",1,1,1
"com.google.common.collect.Maps.FilteredEntryMap.KeySet.toArray(T[])",1,1,1
"com.google.common.collect.Maps.FilteredEntryMap.entrySet()",1,1,2
"com.google.common.collect.Maps.FilteredEntryMap.keySet()",1,1,2
"com.google.common.collect.Maps.FilteredEntrySortedMap.FilteredEntrySortedMap(SortedMap<K, V>,Predicate<? super Entry<K, V>>)",1,1,1
"com.google.common.collect.Maps.FilteredEntrySortedMap.comparator()",1,1,1
"com.google.common.collect.Maps.FilteredEntrySortedMap.firstKey()",1,1,1
"com.google.common.collect.Maps.FilteredEntrySortedMap.headMap(K)",1,1,1
"com.google.common.collect.Maps.FilteredEntrySortedMap.lastKey()",3,2,3
"com.google.common.collect.Maps.FilteredEntrySortedMap.sortedMap()",1,1,1
"com.google.common.collect.Maps.FilteredEntrySortedMap.subMap(K,K)",1,1,1
"com.google.common.collect.Maps.FilteredEntrySortedMap.tailMap(K)",1,1,1
"com.google.common.collect.Maps.FilteredKeyMap.FilteredKeyMap(Map<K, V>,Predicate<? super K>,Predicate<Entry<K, V>>)",1,1,1
"com.google.common.collect.Maps.FilteredKeyMap.containsKey(Object)",1,2,2
"com.google.common.collect.Maps.FilteredKeyMap.entrySet()",1,2,2
"com.google.common.collect.Maps.FilteredKeyMap.keySet()",1,2,2
"com.google.common.collect.Maps.ImprovedAbstractMap.entrySet()",1,2,2
"com.google.common.collect.Maps.ImprovedAbstractMap.keySet()",2,1,2
"com.google.common.collect.Maps.ImprovedAbstractMap.values()",2,1,2
"com.google.common.collect.Maps.KeySet.clear()",1,1,1
"com.google.common.collect.Maps.KeySet.contains(Object)",1,1,1
"com.google.common.collect.Maps.KeySet.isEmpty()",1,1,1
"com.google.common.collect.Maps.KeySet.iterator()",1,1,1
"com.google.common.collect.Maps.KeySet.remove(Object)",2,2,2
"com.google.common.collect.Maps.KeySet.size()",1,1,1
"com.google.common.collect.Maps.MapDifferenceImpl.MapDifferenceImpl(boolean,Map<K, V>,Map<K, V>,Map<K, V>,Map<K, ValueDifference<V>>)",1,1,1
"com.google.common.collect.Maps.MapDifferenceImpl.areEqual()",1,1,1
"com.google.common.collect.Maps.MapDifferenceImpl.entriesDiffering()",1,1,1
"com.google.common.collect.Maps.MapDifferenceImpl.entriesInCommon()",1,1,1
"com.google.common.collect.Maps.MapDifferenceImpl.entriesOnlyOnLeft()",1,1,1
"com.google.common.collect.Maps.MapDifferenceImpl.entriesOnlyOnRight()",1,1,1
"com.google.common.collect.Maps.MapDifferenceImpl.equals(Object)",3,5,6
"com.google.common.collect.Maps.MapDifferenceImpl.hashCode()",1,1,1
"com.google.common.collect.Maps.MapDifferenceImpl.toString()",2,4,5
"com.google.common.collect.Maps.Maps()",1,1,1
"com.google.common.collect.Maps.NavigableAsMapView.NavigableAsMapView(NavigableSet<K>,Function<? super K, V>)",1,1,1
"com.google.common.collect.Maps.NavigableAsMapView.backingSet()",1,1,1
"com.google.common.collect.Maps.NavigableAsMapView.ceilingEntry(K)",1,1,1
"com.google.common.collect.Maps.NavigableAsMapView.ceilingKey(K)",1,1,1
"com.google.common.collect.Maps.NavigableAsMapView.descendingKeySet()",1,1,1
"com.google.common.collect.Maps.NavigableAsMapView.descendingMap()",1,1,1
"com.google.common.collect.Maps.NavigableAsMapView.firstEntry()",1,1,1
"com.google.common.collect.Maps.NavigableAsMapView.firstEntry(NavigableSet<K>)",2,1,2
"com.google.common.collect.Maps.NavigableAsMapView.firstKey(NavigableSet<K>)",2,1,2
"com.google.common.collect.Maps.NavigableAsMapView.floorEntry(K)",1,1,1
"com.google.common.collect.Maps.NavigableAsMapView.floorKey(K)",1,1,1
"com.google.common.collect.Maps.NavigableAsMapView.headMap(K,boolean)",1,1,1
"com.google.common.collect.Maps.NavigableAsMapView.higherEntry(K)",1,1,1
"com.google.common.collect.Maps.NavigableAsMapView.higherKey(K)",1,1,1
"com.google.common.collect.Maps.NavigableAsMapView.keySet()",1,1,1
"com.google.common.collect.Maps.NavigableAsMapView.lastEntry()",1,1,1
"com.google.common.collect.Maps.NavigableAsMapView.lastEntry(NavigableSet<K>)",2,1,2
"com.google.common.collect.Maps.NavigableAsMapView.lastKey(NavigableSet<K>)",2,1,2
"com.google.common.collect.Maps.NavigableAsMapView.lowerEntry(K)",1,1,1
"com.google.common.collect.Maps.NavigableAsMapView.lowerKey(K)",1,1,1
"com.google.common.collect.Maps.NavigableAsMapView.navigableKeySet()",1,1,1
"com.google.common.collect.Maps.NavigableAsMapView.pollFirstEntry()",2,2,2
"com.google.common.collect.Maps.NavigableAsMapView.pollLastEntry()",2,2,2
"com.google.common.collect.Maps.NavigableAsMapView.subMap(K,boolean,K,boolean)",1,1,1
"com.google.common.collect.Maps.NavigableAsMapView.tailMap(K,boolean)",1,1,1
"com.google.common.collect.Maps.NavigableKeySet.ceiling(K)",1,1,1
"com.google.common.collect.Maps.NavigableKeySet.comparator()",1,1,1
"com.google.common.collect.Maps.NavigableKeySet.descendingIterator()",1,1,1
"com.google.common.collect.Maps.NavigableKeySet.descendingSet()",1,1,1
"com.google.common.collect.Maps.NavigableKeySet.first()",1,1,1
"com.google.common.collect.Maps.NavigableKeySet.floor(K)",1,1,1
"com.google.common.collect.Maps.NavigableKeySet.headSet(K)",1,1,1
"com.google.common.collect.Maps.NavigableKeySet.headSet(K,boolean)",1,1,1
"com.google.common.collect.Maps.NavigableKeySet.higher(K)",1,1,1
"com.google.common.collect.Maps.NavigableKeySet.last()",1,1,1
"com.google.common.collect.Maps.NavigableKeySet.lower(K)",1,1,1
"com.google.common.collect.Maps.NavigableKeySet.pollFirst()",1,1,1
"com.google.common.collect.Maps.NavigableKeySet.pollLast()",1,1,1
"com.google.common.collect.Maps.NavigableKeySet.subSet(K,K)",1,1,1
"com.google.common.collect.Maps.NavigableKeySet.subSet(K,boolean,K,boolean)",1,1,1
"com.google.common.collect.Maps.NavigableKeySet.tailSet(K)",1,1,1
"com.google.common.collect.Maps.NavigableKeySet.tailSet(K,boolean)",1,1,1
"com.google.common.collect.Maps.SortedAsMapView.SortedAsMapView(SortedSet<K>,Function<? super K, V>)",1,1,1
"com.google.common.collect.Maps.SortedAsMapView.backingSet()",1,1,1
"com.google.common.collect.Maps.SortedAsMapView.comparator()",1,1,1
"com.google.common.collect.Maps.SortedAsMapView.firstKey()",1,1,1
"com.google.common.collect.Maps.SortedAsMapView.headMap(K)",1,1,1
"com.google.common.collect.Maps.SortedAsMapView.keySet()",1,1,1
"com.google.common.collect.Maps.SortedAsMapView.lastKey()",1,1,1
"com.google.common.collect.Maps.SortedAsMapView.subMap(K,K)",1,1,1
"com.google.common.collect.Maps.SortedAsMapView.tailMap(K)",1,1,1
"com.google.common.collect.Maps.SortedMapDifferenceImpl.SortedMapDifferenceImpl(boolean,SortedMap<K, V>,SortedMap<K, V>,SortedMap<K, V>,SortedMap<K, ValueDifference<V>>)",1,1,1
"com.google.common.collect.Maps.SortedMapDifferenceImpl.entriesDiffering()",1,1,1
"com.google.common.collect.Maps.SortedMapDifferenceImpl.entriesInCommon()",1,1,1
"com.google.common.collect.Maps.SortedMapDifferenceImpl.entriesOnlyOnLeft()",1,1,1
"com.google.common.collect.Maps.SortedMapDifferenceImpl.entriesOnlyOnRight()",1,1,1
"com.google.common.collect.Maps.TransformedEntriesMap.TransformedEntriesMap(Map<K, V1>,EntryTransformer<? super K, ? super V1, V2>)",1,1,1
"com.google.common.collect.Maps.TransformedEntriesMap.clear()",1,1,1
"com.google.common.collect.Maps.TransformedEntriesMap.containsKey(Object)",1,1,1
"com.google.common.collect.Maps.TransformedEntriesMap.entrySet()",1,2,2
"com.google.common.collect.Maps.TransformedEntriesMap.get(Object)",1,3,3
"com.google.common.collect.Maps.TransformedEntriesMap.keySet()",1,1,1
"com.google.common.collect.Maps.TransformedEntriesMap.remove(Object)",1,2,2
"com.google.common.collect.Maps.TransformedEntriesMap.size()",1,1,1
"com.google.common.collect.Maps.TransformedEntriesMap.values()",2,1,2
"com.google.common.collect.Maps.TransformedEntriesNavigableMap.TransformedEntriesNavigableMap(NavigableMap<K, V1>,EntryTransformer<? super K, ? super V1, V2>)",1,1,1
"com.google.common.collect.Maps.TransformedEntriesNavigableMap.ceilingEntry(K)",1,1,1
"com.google.common.collect.Maps.TransformedEntriesNavigableMap.ceilingKey(K)",1,1,1
"com.google.common.collect.Maps.TransformedEntriesNavigableMap.descendingKeySet()",1,1,1
"com.google.common.collect.Maps.TransformedEntriesNavigableMap.descendingMap()",1,1,1
"com.google.common.collect.Maps.TransformedEntriesNavigableMap.firstEntry()",1,1,1
"com.google.common.collect.Maps.TransformedEntriesNavigableMap.floorEntry(K)",1,1,1
"com.google.common.collect.Maps.TransformedEntriesNavigableMap.floorKey(K)",1,1,1
"com.google.common.collect.Maps.TransformedEntriesNavigableMap.fromMap()",1,1,1
"com.google.common.collect.Maps.TransformedEntriesNavigableMap.headMap(K)",1,1,1
"com.google.common.collect.Maps.TransformedEntriesNavigableMap.headMap(K,boolean)",1,1,1
"com.google.common.collect.Maps.TransformedEntriesNavigableMap.higherEntry(K)",1,1,1
"com.google.common.collect.Maps.TransformedEntriesNavigableMap.higherKey(K)",1,1,1
"com.google.common.collect.Maps.TransformedEntriesNavigableMap.lastEntry()",1,1,1
"com.google.common.collect.Maps.TransformedEntriesNavigableMap.lowerEntry(K)",1,1,1
"com.google.common.collect.Maps.TransformedEntriesNavigableMap.lowerKey(K)",1,1,1
"com.google.common.collect.Maps.TransformedEntriesNavigableMap.navigableKeySet()",1,1,1
"com.google.common.collect.Maps.TransformedEntriesNavigableMap.pollFirstEntry()",1,1,1
"com.google.common.collect.Maps.TransformedEntriesNavigableMap.pollLastEntry()",1,1,1
"com.google.common.collect.Maps.TransformedEntriesNavigableMap.subMap(K,K)",1,1,1
"com.google.common.collect.Maps.TransformedEntriesNavigableMap.subMap(K,boolean,K,boolean)",1,1,1
"com.google.common.collect.Maps.TransformedEntriesNavigableMap.tailMap(K)",1,1,1
"com.google.common.collect.Maps.TransformedEntriesNavigableMap.tailMap(K,boolean)",1,1,1
"com.google.common.collect.Maps.TransformedEntriesNavigableMap.transformEntry(Entry<K, V1>)",2,1,2
"com.google.common.collect.Maps.TransformedEntriesSortedMap.TransformedEntriesSortedMap(SortedMap<K, V1>,EntryTransformer<? super K, ? super V1, V2>)",1,1,1
"com.google.common.collect.Maps.TransformedEntriesSortedMap.comparator()",1,1,1
"com.google.common.collect.Maps.TransformedEntriesSortedMap.firstKey()",1,1,1
"com.google.common.collect.Maps.TransformedEntriesSortedMap.fromMap()",1,1,1
"com.google.common.collect.Maps.TransformedEntriesSortedMap.headMap(K)",1,1,1
"com.google.common.collect.Maps.TransformedEntriesSortedMap.lastKey()",1,1,1
"com.google.common.collect.Maps.TransformedEntriesSortedMap.subMap(K,K)",1,1,1
"com.google.common.collect.Maps.TransformedEntriesSortedMap.tailMap(K)",1,1,1
"com.google.common.collect.Maps.UnmodifiableBiMap.UnmodifiableBiMap(BiMap<? extends K, ? extends V>,BiMap<V, K>)",1,1,1
"com.google.common.collect.Maps.UnmodifiableBiMap.delegate()",1,1,1
"com.google.common.collect.Maps.UnmodifiableBiMap.forcePut(K,V)",1,1,1
"com.google.common.collect.Maps.UnmodifiableBiMap.inverse()",1,2,2
"com.google.common.collect.Maps.UnmodifiableBiMap.values()",1,2,2
"com.google.common.collect.Maps.UnmodifiableEntries.UnmodifiableEntries(Collection<Entry<K, V>>)",1,1,1
"com.google.common.collect.Maps.UnmodifiableEntries.add(Entry<K, V>)",1,1,1
"com.google.common.collect.Maps.UnmodifiableEntries.addAll(Collection<? extends Entry<K, V>>)",1,1,1
"com.google.common.collect.Maps.UnmodifiableEntries.clear()",1,1,1
"com.google.common.collect.Maps.UnmodifiableEntries.delegate()",1,1,1
"com.google.common.collect.Maps.UnmodifiableEntries.iterator()",1,1,1
"com.google.common.collect.Maps.UnmodifiableEntries.remove(Object)",1,1,1
"com.google.common.collect.Maps.UnmodifiableEntries.removeAll(Collection<?>)",1,1,1
"com.google.common.collect.Maps.UnmodifiableEntries.retainAll(Collection<?>)",1,1,1
"com.google.common.collect.Maps.UnmodifiableEntries.toArray()",1,1,1
"com.google.common.collect.Maps.UnmodifiableEntries.toArray(T[])",1,1,1
"com.google.common.collect.Maps.UnmodifiableEntrySet.UnmodifiableEntrySet(Set<Entry<K, V>>)",1,1,1
"com.google.common.collect.Maps.UnmodifiableEntrySet.equals(Object)",1,1,1
"com.google.common.collect.Maps.UnmodifiableEntrySet.hashCode()",1,1,1
"com.google.common.collect.Maps.UnmodifiableNavigableMap.UnmodifiableNavigableMap(NavigableMap<K, V>)",1,1,1
"com.google.common.collect.Maps.UnmodifiableNavigableMap.ceilingEntry(K)",1,1,1
"com.google.common.collect.Maps.UnmodifiableNavigableMap.ceilingKey(K)",1,1,1
"com.google.common.collect.Maps.UnmodifiableNavigableMap.delegate()",1,1,1
"com.google.common.collect.Maps.UnmodifiableNavigableMap.descendingKeySet()",1,1,1
"com.google.common.collect.Maps.UnmodifiableNavigableMap.descendingMap()",1,2,2
"com.google.common.collect.Maps.UnmodifiableNavigableMap.firstEntry()",1,1,1
"com.google.common.collect.Maps.UnmodifiableNavigableMap.floorEntry(K)",1,1,1
"com.google.common.collect.Maps.UnmodifiableNavigableMap.floorKey(K)",1,1,1
"com.google.common.collect.Maps.UnmodifiableNavigableMap.headMap(K)",1,1,1
"com.google.common.collect.Maps.UnmodifiableNavigableMap.headMap(K,boolean)",1,1,1
"com.google.common.collect.Maps.UnmodifiableNavigableMap.higherEntry(K)",1,1,1
"com.google.common.collect.Maps.UnmodifiableNavigableMap.higherKey(K)",1,1,1
"com.google.common.collect.Maps.UnmodifiableNavigableMap.keySet()",1,1,1
"com.google.common.collect.Maps.UnmodifiableNavigableMap.lastEntry()",1,1,1
"com.google.common.collect.Maps.UnmodifiableNavigableMap.lowerEntry(K)",1,1,1
"com.google.common.collect.Maps.UnmodifiableNavigableMap.lowerKey(K)",1,1,1
"com.google.common.collect.Maps.UnmodifiableNavigableMap.navigableKeySet()",1,1,1
"com.google.common.collect.Maps.UnmodifiableNavigableMap.pollFirstEntry()",1,1,1
"com.google.common.collect.Maps.UnmodifiableNavigableMap.pollLastEntry()",1,1,1
"com.google.common.collect.Maps.UnmodifiableNavigableMap.subMap(K,K)",1,1,1
"com.google.common.collect.Maps.UnmodifiableNavigableMap.subMap(K,boolean,K,boolean)",1,1,1
"com.google.common.collect.Maps.UnmodifiableNavigableMap.tailMap(K)",1,1,1
"com.google.common.collect.Maps.UnmodifiableNavigableMap.tailMap(K,boolean)",1,1,1
"com.google.common.collect.Maps.ValueDifferenceImpl.ValueDifferenceImpl(V,V)",1,1,1
"com.google.common.collect.Maps.ValueDifferenceImpl.create(V,V)",1,1,1
"com.google.common.collect.Maps.ValueDifferenceImpl.equals(Object)",2,3,3
"com.google.common.collect.Maps.ValueDifferenceImpl.hashCode()",1,1,1
"com.google.common.collect.Maps.ValueDifferenceImpl.leftValue()",1,1,1
"com.google.common.collect.Maps.ValueDifferenceImpl.rightValue()",1,1,1
"com.google.common.collect.Maps.ValueDifferenceImpl.toString()",1,1,1
"com.google.common.collect.Maps.Values.clear()",1,1,1
"com.google.common.collect.Maps.Values.contains(Object)",1,1,1
"com.google.common.collect.Maps.Values.isEmpty()",1,1,1
"com.google.common.collect.Maps.Values.iterator()",1,1,1
"com.google.common.collect.Maps.Values.remove(Object)",3,4,4
"com.google.common.collect.Maps.Values.removeAll(Collection<?>)",1,4,4
"com.google.common.collect.Maps.Values.retainAll(Collection<?>)",1,4,4
"com.google.common.collect.Maps.Values.size()",1,1,1
"com.google.common.collect.Maps.asEntryTransformer(Function<? super V1, V2>)",1,1,1
"com.google.common.collect.Maps.asMap(NavigableSet<K>,Function<? super K, V>)",1,1,1
"com.google.common.collect.Maps.asMap(Set<K>,Function<? super K, V>)",2,2,2
"com.google.common.collect.Maps.asMap(SortedSet<K>,Function<? super K, V>)",1,1,1
"com.google.common.collect.Maps.asMapSortedIgnoreNavigable(SortedSet<K>,Function<? super K, V>)",1,1,1
"com.google.common.collect.Maps.capacity(int)",3,2,3
"com.google.common.collect.Maps.containsEntryImpl(Collection<Entry<K, V>>,Object)",2,1,2
"com.google.common.collect.Maps.containsKeyImpl(Map<?, ?>,Object)",3,2,3
"com.google.common.collect.Maps.containsValueImpl(Map<?, ?>,Object)",3,2,3
"com.google.common.collect.Maps.difference(Map<? extends K, ? extends V>,Map<? extends K, ? extends V>)",2,2,2
"com.google.common.collect.Maps.difference(Map<? extends K, ? extends V>,Map<? extends K, ? extends V>,Equivalence<? super V>)",1,5,5
"com.google.common.collect.Maps.difference(SortedMap<K, ? extends V>,Map<? extends K, ? extends V>)",1,5,5
"com.google.common.collect.Maps.equalsImpl(Map<?, ?>,Object)",3,2,3
"com.google.common.collect.Maps.filterEntries(Map<K, V>,Predicate<? super Entry<K, V>>)",2,3,3
"com.google.common.collect.Maps.filterEntries(SortedMap<K, V>,Predicate<? super Entry<K, V>>)",1,2,2
"com.google.common.collect.Maps.filterFiltered(AbstractFilteredMap<K, V>,Predicate<? super Entry<K, V>>)",1,1,1
"com.google.common.collect.Maps.filterFiltered(FilteredEntrySortedMap<K, V>,Predicate<? super Entry<K, V>>)",1,1,1
"com.google.common.collect.Maps.filterKeys(Map<K, V>,Predicate<? super K>)",2,3,3
"com.google.common.collect.Maps.filterKeys(SortedMap<K, V>,Predicate<? super K>)",1,1,1
"com.google.common.collect.Maps.filterValues(Map<K, V>,Predicate<? super V>)",2,2,2
"com.google.common.collect.Maps.filterValues(SortedMap<K, V>,Predicate<? super V>)",1,1,1
"com.google.common.collect.Maps.fromProperties(Properties)",1,2,2
"com.google.common.collect.Maps.immutableEntry(K,V)",1,1,1
"com.google.common.collect.Maps.keyIterator(Iterator<Entry<K, V>>)",1,1,1
"com.google.common.collect.Maps.keyOrNull(Entry<K, ?>)",1,2,2
"com.google.common.collect.Maps.mapDifference(boolean,Map<K, V>,Map<K, V>,Map<K, V>,Map<K, ValueDifference<V>>)",1,1,1
"com.google.common.collect.Maps.newConcurrentMap()",1,1,1
"com.google.common.collect.Maps.newEnumMap(Class<K>)",1,1,1
"com.google.common.collect.Maps.newEnumMap(Map<K, ? extends V>)",1,1,1
"com.google.common.collect.Maps.newHashMap()",1,1,1
"com.google.common.collect.Maps.newHashMap(Map<? extends K, ? extends V>)",1,1,1
"com.google.common.collect.Maps.newHashMapWithExpectedSize(int)",1,1,1
"com.google.common.collect.Maps.newIdentityHashMap()",1,1,1
"com.google.common.collect.Maps.newLinkedHashMap()",1,1,1
"com.google.common.collect.Maps.newLinkedHashMap(Map<? extends K, ? extends V>)",1,1,1
"com.google.common.collect.Maps.newTreeMap()",1,1,1
"com.google.common.collect.Maps.newTreeMap(Comparator<C>)",1,1,1
"com.google.common.collect.Maps.newTreeMap(SortedMap<K, ? extends V>)",1,1,1
"com.google.common.collect.Maps.orNaturalOrder(Comparator<? super E>)",2,1,2
"com.google.common.collect.Maps.putAllImpl(Map<K, V>,Map<? extends K, ? extends V>)",1,2,2
"com.google.common.collect.Maps.removeEntryImpl(Collection<Entry<K, V>>,Object)",2,1,2
"com.google.common.collect.Maps.removeOnlyNavigableSet(NavigableSet<E>)",1,1,1
"com.google.common.collect.Maps.removeOnlySet(Set<E>)",1,1,1
"com.google.common.collect.Maps.removeOnlySortedSet(SortedSet<E>)",1,1,1
"com.google.common.collect.Maps.safeContainsKey(Map<?, ?>,Object)",1,1,2
"com.google.common.collect.Maps.safeGet(Map<?, V>,Object)",1,1,2
"com.google.common.collect.Maps.sortedMapDifference(boolean,SortedMap<K, V>,SortedMap<K, V>,SortedMap<K, V>,SortedMap<K, ValueDifference<V>>)",1,1,1
"com.google.common.collect.Maps.synchronizedBiMap(BiMap<K, V>)",1,1,1
"com.google.common.collect.Maps.synchronizedNavigableMap(NavigableMap<K, V>)",1,1,1
"com.google.common.collect.Maps.toMap(Iterable<K>,Function<? super K, V>)",1,1,1
"com.google.common.collect.Maps.toMap(Iterator<K>,Function<? super K, V>)",1,2,2
"com.google.common.collect.Maps.toStringImpl(Map<?, ?>)",1,1,1
"com.google.common.collect.Maps.transformEntries(Map<K, V1>,EntryTransformer<? super K, ? super V1, V2>)",2,2,2
"com.google.common.collect.Maps.transformEntries(NavigableMap<K, V1>,EntryTransformer<? super K, ? super V1, V2>)",1,1,1
"com.google.common.collect.Maps.transformEntries(SortedMap<K, V1>,EntryTransformer<? super K, ? super V1, V2>)",1,1,1
"com.google.common.collect.Maps.transformEntriesIgnoreNavigable(SortedMap<K, V1>,EntryTransformer<? super K, ? super V1, V2>)",1,1,1
"com.google.common.collect.Maps.transformValues(Map<K, V1>,Function<? super V1, V2>)",1,1,1
"com.google.common.collect.Maps.transformValues(NavigableMap<K, V1>,Function<? super V1, V2>)",1,1,1
"com.google.common.collect.Maps.transformValues(SortedMap<K, V1>,Function<? super V1, V2>)",1,1,1
"com.google.common.collect.Maps.uniqueIndex(Iterable<V>,Function<? super V, K>)",1,1,1
"com.google.common.collect.Maps.uniqueIndex(Iterator<V>,Function<? super V, K>)",1,2,2
"com.google.common.collect.Maps.unmodifiableBiMap(BiMap<? extends K, ? extends V>)",1,1,1
"com.google.common.collect.Maps.unmodifiableEntry(Entry<K, V>)",1,1,1
"com.google.common.collect.Maps.unmodifiableEntrySet(Set<Entry<K, V>>)",1,1,1
"com.google.common.collect.Maps.unmodifiableNavigableMap(NavigableMap<K, V>)",2,1,2
"com.google.common.collect.Maps.unmodifiableOrNull(Entry<K, V>)",1,2,2
"com.google.common.collect.Maps.valueIterator(Iterator<Entry<K, V>>)",1,1,1
"com.google.common.collect.Maps.valueIterator(UnmodifiableIterator<Entry<K, V>>)",1,1,1
"com.google.common.collect.MinMaxPriorityQueue.Builder.Builder(Comparator<B>)",1,1,1
"com.google.common.collect.MinMaxPriorityQueue.Builder.create()",1,1,1
"com.google.common.collect.MinMaxPriorityQueue.Builder.create(Iterable<? extends T>)",1,2,2
"com.google.common.collect.MinMaxPriorityQueue.Builder.expectedSize(int)",1,1,1
"com.google.common.collect.MinMaxPriorityQueue.Builder.maximumSize(int)",1,1,1
"com.google.common.collect.MinMaxPriorityQueue.Builder.ordering()",1,1,1
"com.google.common.collect.MinMaxPriorityQueue.Heap.Heap(Ordering<E>)",1,1,1
"com.google.common.collect.MinMaxPriorityQueue.Heap.bubbleUp(int,E)",1,1,2
"com.google.common.collect.MinMaxPriorityQueue.Heap.bubbleUpAlternatingLevels(int,E)",3,2,3
"com.google.common.collect.MinMaxPriorityQueue.Heap.compareElements(int,int)",1,1,1
"com.google.common.collect.MinMaxPriorityQueue.Heap.crossOver(int,E)",2,3,3
"com.google.common.collect.MinMaxPriorityQueue.Heap.crossOverUp(int,E)",3,4,7
"com.google.common.collect.MinMaxPriorityQueue.Heap.fillHoleAt(int)",1,2,2
"com.google.common.collect.MinMaxPriorityQueue.Heap.findMin(int,int)",2,2,4
"com.google.common.collect.MinMaxPriorityQueue.Heap.findMinChild(int)",1,1,1
"com.google.common.collect.MinMaxPriorityQueue.Heap.findMinGrandChild(int)",2,1,2
"com.google.common.collect.MinMaxPriorityQueue.Heap.getCorrectLastElement(E)",4,4,5
"com.google.common.collect.MinMaxPriorityQueue.Heap.getGrandparentIndex(int)",1,1,1
"com.google.common.collect.MinMaxPriorityQueue.Heap.getLeftChildIndex(int)",1,1,1
"com.google.common.collect.MinMaxPriorityQueue.Heap.getParentIndex(int)",1,1,1
"com.google.common.collect.MinMaxPriorityQueue.Heap.getRightChildIndex(int)",1,1,1
"com.google.common.collect.MinMaxPriorityQueue.Heap.tryCrossOverAndBubbleUp(int,int,E)",3,2,4
"com.google.common.collect.MinMaxPriorityQueue.Heap.verifyIndex(int)",5,5,9
"com.google.common.collect.MinMaxPriorityQueue.MinMaxPriorityQueue(Builder<? super E>,int)",1,1,1
"com.google.common.collect.MinMaxPriorityQueue.MoveDesc.MoveDesc(E,E)",1,1,1
"com.google.common.collect.MinMaxPriorityQueue.QueueIterator.checkModCount()",2,1,2
"com.google.common.collect.MinMaxPriorityQueue.QueueIterator.containsExact(Iterable<E>,E)",3,1,3
"com.google.common.collect.MinMaxPriorityQueue.QueueIterator.hasNext()",1,3,3
"com.google.common.collect.MinMaxPriorityQueue.QueueIterator.next()",4,3,4
"com.google.common.collect.MinMaxPriorityQueue.QueueIterator.nextNotInSkipMe(int)",1,3,4
"com.google.common.collect.MinMaxPriorityQueue.QueueIterator.remove()",1,3,4
"com.google.common.collect.MinMaxPriorityQueue.QueueIterator.removeExact(Object)",3,3,3
"com.google.common.collect.MinMaxPriorityQueue.add(E)",1,1,1
"com.google.common.collect.MinMaxPriorityQueue.addAll(Collection<? extends E>)",1,2,2
"com.google.common.collect.MinMaxPriorityQueue.calculateNewCapacity()",1,2,2
"com.google.common.collect.MinMaxPriorityQueue.capAtMaximumSize(int,int)",1,1,1
"com.google.common.collect.MinMaxPriorityQueue.capacity()",1,1,1
"com.google.common.collect.MinMaxPriorityQueue.clear()",1,1,2
"com.google.common.collect.MinMaxPriorityQueue.comparator()",1,1,1
"com.google.common.collect.MinMaxPriorityQueue.create()",1,1,1
"com.google.common.collect.MinMaxPriorityQueue.create(Iterable<? extends E>)",1,1,1
"com.google.common.collect.MinMaxPriorityQueue.elementData(int)",1,1,1
"com.google.common.collect.MinMaxPriorityQueue.expectedSize(int)",1,1,1
"com.google.common.collect.MinMaxPriorityQueue.fillHole(int,E)",2,3,3
"com.google.common.collect.MinMaxPriorityQueue.getMaxElementIndex()",4,2,5
"com.google.common.collect.MinMaxPriorityQueue.growIfNeeded()",1,2,2
"com.google.common.collect.MinMaxPriorityQueue.heapForIndex(int)",1,1,2
"com.google.common.collect.MinMaxPriorityQueue.initialQueueSize(int,int,Iterable<?>)",1,2,3
"com.google.common.collect.MinMaxPriorityQueue.isEvenLevel(int)",1,1,1
"com.google.common.collect.MinMaxPriorityQueue.isIntact()",3,2,3
"com.google.common.collect.MinMaxPriorityQueue.iterator()",1,1,1
"com.google.common.collect.MinMaxPriorityQueue.maximumSize(int)",1,1,1
"com.google.common.collect.MinMaxPriorityQueue.offer(E)",1,2,2
"com.google.common.collect.MinMaxPriorityQueue.orderedBy(Comparator<B>)",1,1,1
"com.google.common.collect.MinMaxPriorityQueue.peek()",1,2,2
"com.google.common.collect.MinMaxPriorityQueue.peekFirst()",1,1,1
"com.google.common.collect.MinMaxPriorityQueue.peekLast()",1,2,2
"com.google.common.collect.MinMaxPriorityQueue.poll()",1,2,2
"com.google.common.collect.MinMaxPriorityQueue.pollFirst()",1,1,1
"com.google.common.collect.MinMaxPriorityQueue.pollLast()",1,2,2
"com.google.common.collect.MinMaxPriorityQueue.removeAndGet(int)",1,1,1
"com.google.common.collect.MinMaxPriorityQueue.removeAt(int)",4,1,4
"com.google.common.collect.MinMaxPriorityQueue.removeFirst()",1,1,1
"com.google.common.collect.MinMaxPriorityQueue.removeLast()",2,1,2
"com.google.common.collect.MinMaxPriorityQueue.size()",1,1,1
"com.google.common.collect.MinMaxPriorityQueue.toArray()",1,1,1
"com.google.common.collect.Multimap_CustomFieldSerializerBase.Multimap_CustomFieldSerializerBase()",1,1,1
"com.google.common.collect.Multimap_CustomFieldSerializerBase.instantiate(SerializationStreamReader,Builder<Object, Object>)",1,3,3
"com.google.common.collect.Multimap_CustomFieldSerializerBase.populate(SerializationStreamReader,Multimap<Object, Object>)",1,3,3
"com.google.common.collect.Multimap_CustomFieldSerializerBase.serialize(SerializationStreamWriter,Multimap<?, ?>)",1,3,3
"com.google.common.collect.Multimaps.AsMap.EntrySet.iterator()",1,1,1
"com.google.common.collect.Multimaps.AsMap.EntrySet.map()",1,1,1
"com.google.common.collect.Multimaps.AsMap.EntrySet.remove(Object)",2,1,2
"com.google.common.collect.Multimaps.AsMap.clear()",1,1,1
"com.google.common.collect.Multimaps.AsMap.containsKey(Object)",1,1,1
"com.google.common.collect.Multimaps.AsMap.createEntrySet()",1,1,1
"com.google.common.collect.Multimaps.AsMap.get(Object)",1,2,2
"com.google.common.collect.Multimaps.AsMap.isEmpty()",1,1,1
"com.google.common.collect.Multimaps.AsMap.keySet()",1,1,1
"com.google.common.collect.Multimaps.AsMap.remove(Object)",1,2,2
"com.google.common.collect.Multimaps.AsMap.removeValuesForKey(Object)",1,1,1
"com.google.common.collect.Multimaps.CustomListMultimap.CustomListMultimap(Map<K, Collection<V>>,Supplier<? extends List<V>>)",1,1,1
"com.google.common.collect.Multimaps.CustomListMultimap.createCollection()",1,1,1
"com.google.common.collect.Multimaps.CustomListMultimap.readObject(ObjectInputStream)",1,1,1
"com.google.common.collect.Multimaps.CustomListMultimap.writeObject(ObjectOutputStream)",1,1,1
"com.google.common.collect.Multimaps.CustomMultimap.CustomMultimap(Map<K, Collection<V>>,Supplier<? extends Collection<V>>)",1,1,1
"com.google.common.collect.Multimaps.CustomMultimap.createCollection()",1,1,1
"com.google.common.collect.Multimaps.CustomMultimap.readObject(ObjectInputStream)",1,1,1
"com.google.common.collect.Multimaps.CustomMultimap.writeObject(ObjectOutputStream)",1,1,1
"com.google.common.collect.Multimaps.CustomSetMultimap.CustomSetMultimap(Map<K, Collection<V>>,Supplier<? extends Set<V>>)",1,1,1
"com.google.common.collect.Multimaps.CustomSetMultimap.createCollection()",1,1,1
"com.google.common.collect.Multimaps.CustomSetMultimap.readObject(ObjectInputStream)",1,1,1
"com.google.common.collect.Multimaps.CustomSetMultimap.writeObject(ObjectOutputStream)",1,1,1
"com.google.common.collect.Multimaps.CustomSortedSetMultimap.CustomSortedSetMultimap(Map<K, Collection<V>>,Supplier<? extends SortedSet<V>>)",1,1,1
"com.google.common.collect.Multimaps.CustomSortedSetMultimap.createCollection()",1,1,1
"com.google.common.collect.Multimaps.CustomSortedSetMultimap.readObject(ObjectInputStream)",1,1,1
"com.google.common.collect.Multimaps.CustomSortedSetMultimap.valueComparator()",1,1,1
"com.google.common.collect.Multimaps.CustomSortedSetMultimap.writeObject(ObjectOutputStream)",1,1,1
"com.google.common.collect.Multimaps.Entries.clear()",1,1,1
"com.google.common.collect.Multimaps.Entries.contains(Object)",2,2,2
"com.google.common.collect.Multimaps.Entries.remove(Object)",2,2,2
"com.google.common.collect.Multimaps.Entries.size()",1,1,1
"com.google.common.collect.Multimaps.EntrySet.equals(Object)",1,1,1
"com.google.common.collect.Multimaps.EntrySet.hashCode()",1,1,1
"com.google.common.collect.Multimaps.FilteredMultimap.AsMap.AsMap(Map<K, Collection<V>>)",1,1,1
"com.google.common.collect.Multimaps.FilteredMultimap.AsMap.EntrySet.EntrySet(Set<Entry<K, Collection<V>>>)",1,1,1
"com.google.common.collect.Multimaps.FilteredMultimap.AsMap.EntrySet.iterator()",1,1,1
"com.google.common.collect.Multimaps.FilteredMultimap.AsMap.EntrySet.map()",1,1,1
"com.google.common.collect.Multimaps.FilteredMultimap.AsMap.EntrySet.remove(Object)",3,4,4
"com.google.common.collect.Multimaps.FilteredMultimap.AsMap.EntrySet.removeAll(Collection<?>)",1,1,1
"com.google.common.collect.Multimaps.FilteredMultimap.AsMap.EntrySet.retainAll(Collection<?>)",1,1,1
"com.google.common.collect.Multimaps.FilteredMultimap.AsMap.KeySet.map()",1,1,1
"com.google.common.collect.Multimaps.FilteredMultimap.AsMap.KeySet.remove(Object)",2,1,2
"com.google.common.collect.Multimaps.FilteredMultimap.AsMap.KeySet.removeAll(Collection<?>)",1,1,1
"com.google.common.collect.Multimaps.FilteredMultimap.AsMap.KeySet.retainAll(Collection<?>)",1,1,1
"com.google.common.collect.Multimaps.FilteredMultimap.AsMap.Values.map()",1,1,1
"com.google.common.collect.Multimaps.FilteredMultimap.AsMap.Values.remove(Object)",3,3,3
"com.google.common.collect.Multimaps.FilteredMultimap.AsMap.Values.removeAll(Collection<?>)",1,1,1
"com.google.common.collect.Multimaps.FilteredMultimap.AsMap.Values.retainAll(Collection<?>)",1,1,1
"com.google.common.collect.Multimaps.FilteredMultimap.AsMap.clear()",1,1,1
"com.google.common.collect.Multimaps.FilteredMultimap.AsMap.delegate()",1,1,1
"com.google.common.collect.Multimaps.FilteredMultimap.AsMap.entrySet()",1,2,2
"com.google.common.collect.Multimaps.FilteredMultimap.AsMap.keySet()",1,1,2
"com.google.common.collect.Multimaps.FilteredMultimap.AsMap.remove(Object)",1,1,2
"com.google.common.collect.Multimaps.FilteredMultimap.AsMap.values()",1,1,2
"com.google.common.collect.Multimaps.FilteredMultimap.FilteredMultimap(Multimap<K, V>,Predicate<? super Entry<K, V>>)",1,1,1
"com.google.common.collect.Multimaps.FilteredMultimap.Keys.EntrySet.removeAll(Collection<?>)",1,1,1
"com.google.common.collect.Multimaps.FilteredMultimap.Keys.EntrySet.retainAll(Collection<?>)",1,1,1
"com.google.common.collect.Multimaps.FilteredMultimap.Keys.createEntrySet()",1,1,1
"com.google.common.collect.Multimaps.FilteredMultimap.Keys.multimap()",1,1,1
"com.google.common.collect.Multimaps.FilteredMultimap.Keys.remove(Object,int)",2,4,5
"com.google.common.collect.Multimaps.FilteredMultimap.ValuePredicate.ValuePredicate(K)",1,1,1
"com.google.common.collect.Multimaps.FilteredMultimap.ValuePredicate.apply(V)",1,1,1
"com.google.common.collect.Multimaps.FilteredMultimap.Values.contains(Object)",1,1,1
"com.google.common.collect.Multimaps.FilteredMultimap.Values.multimap()",1,1,1
"com.google.common.collect.Multimaps.FilteredMultimap.Values.remove(Object)",3,4,4
"com.google.common.collect.Multimaps.FilteredMultimap.Values.removeAll(Collection<?>)",1,4,4
"com.google.common.collect.Multimaps.FilteredMultimap.Values.retainAll(Collection<?>)",1,4,4
"com.google.common.collect.Multimaps.FilteredMultimap.asMap()",1,2,2
"com.google.common.collect.Multimaps.FilteredMultimap.clear()",1,1,1
"com.google.common.collect.Multimaps.FilteredMultimap.containsEntry(Object,Object)",1,2,2
"com.google.common.collect.Multimaps.FilteredMultimap.containsKey(Object)",1,1,1
"com.google.common.collect.Multimaps.FilteredMultimap.containsValue(Object)",1,1,1
"com.google.common.collect.Multimaps.FilteredMultimap.createAsMap()",1,1,1
"com.google.common.collect.Multimaps.FilteredMultimap.entries()",1,2,2
"com.google.common.collect.Multimaps.FilteredMultimap.equals(Object)",3,2,3
"com.google.common.collect.Multimaps.FilteredMultimap.filterCollection(Collection<V>,Predicate<V>)",2,2,2
"com.google.common.collect.Multimaps.FilteredMultimap.get(K)",1,1,1
"com.google.common.collect.Multimaps.FilteredMultimap.hashCode()",1,1,1
"com.google.common.collect.Multimaps.FilteredMultimap.isEmpty()",1,1,1
"com.google.common.collect.Multimaps.FilteredMultimap.keySet()",1,1,1
"com.google.common.collect.Multimaps.FilteredMultimap.keys()",1,1,2
"com.google.common.collect.Multimaps.FilteredMultimap.put(K,V)",1,1,1
"com.google.common.collect.Multimaps.FilteredMultimap.putAll(K,Iterable<? extends V>)",1,2,2
"com.google.common.collect.Multimaps.FilteredMultimap.putAll(Multimap<? extends K, ? extends V>)",1,2,2
"com.google.common.collect.Multimaps.FilteredMultimap.remove(Object,Object)",1,2,2
"com.google.common.collect.Multimaps.FilteredMultimap.removeAll(Object)",2,5,5
"com.google.common.collect.Multimaps.FilteredMultimap.removeEntriesIf(Predicate<Entry<K, Collection<V>>>)",1,5,5
"com.google.common.collect.Multimaps.FilteredMultimap.replaceValues(K,Iterable<? extends V>)",1,2,2
"com.google.common.collect.Multimaps.FilteredMultimap.satisfiesPredicate(Object,Object)",1,1,1
"com.google.common.collect.Multimaps.FilteredMultimap.size()",1,1,1
"com.google.common.collect.Multimaps.FilteredMultimap.toString()",1,1,1
"com.google.common.collect.Multimaps.FilteredMultimap.values()",1,1,2
"com.google.common.collect.Multimaps.Keys.KeysEntrySet.contains(Object)",2,3,3
"com.google.common.collect.Multimaps.Keys.KeysEntrySet.isEmpty()",1,1,1
"com.google.common.collect.Multimaps.Keys.KeysEntrySet.iterator()",1,1,1
"com.google.common.collect.Multimaps.Keys.KeysEntrySet.multiset()",1,1,1
"com.google.common.collect.Multimaps.Keys.KeysEntrySet.remove(Object)",3,4,4
"com.google.common.collect.Multimaps.Keys.KeysEntrySet.size()",1,1,1
"com.google.common.collect.Multimaps.Keys.clear()",1,1,1
"com.google.common.collect.Multimaps.Keys.contains(Object)",1,1,1
"com.google.common.collect.Multimaps.Keys.count(Object)",2,3,5
"com.google.common.collect.Multimaps.Keys.createEntrySet()",1,1,1
"com.google.common.collect.Multimaps.Keys.distinctElements()",1,1,1
"com.google.common.collect.Multimaps.Keys.elementSet()",1,1,1
"com.google.common.collect.Multimaps.Keys.entryIterator()",1,1,1
"com.google.common.collect.Multimaps.Keys.iterator()",1,1,1
"com.google.common.collect.Multimaps.Keys.remove(Object,int)",3,4,7
"com.google.common.collect.Multimaps.MapMultimap.AsMap.containsKey(Object)",1,1,1
"com.google.common.collect.Multimaps.MapMultimap.AsMap.createEntrySet()",1,1,1
"com.google.common.collect.Multimaps.MapMultimap.AsMap.get(Object)",1,1,2
"com.google.common.collect.Multimaps.MapMultimap.AsMap.remove(Object)",1,1,2
"com.google.common.collect.Multimaps.MapMultimap.AsMapEntries.contains(Object)",3,2,4
"com.google.common.collect.Multimaps.MapMultimap.AsMapEntries.iterator()",1,1,1
"com.google.common.collect.Multimaps.MapMultimap.AsMapEntries.remove(Object)",3,2,4
"com.google.common.collect.Multimaps.MapMultimap.AsMapEntries.size()",1,1,1
"com.google.common.collect.Multimaps.MapMultimap.MapMultimap(Map<K, V>)",1,1,1
"com.google.common.collect.Multimaps.MapMultimap.asMap()",1,1,2
"com.google.common.collect.Multimaps.MapMultimap.clear()",1,1,1
"com.google.common.collect.Multimaps.MapMultimap.containsEntry(Object,Object)",1,1,1
"com.google.common.collect.Multimaps.MapMultimap.containsKey(Object)",1,1,1
"com.google.common.collect.Multimaps.MapMultimap.containsValue(Object)",1,1,1
"com.google.common.collect.Multimaps.MapMultimap.entries()",1,1,1
"com.google.common.collect.Multimaps.MapMultimap.equals(Object)",3,3,4
"com.google.common.collect.Multimaps.MapMultimap.get(K)",2,2,4
"com.google.common.collect.Multimaps.MapMultimap.hashCode()",1,1,1
"com.google.common.collect.Multimaps.MapMultimap.isEmpty()",1,1,1
"com.google.common.collect.Multimaps.MapMultimap.keySet()",1,1,1
"com.google.common.collect.Multimaps.MapMultimap.keys()",1,1,1
"com.google.common.collect.Multimaps.MapMultimap.put(K,V)",1,1,1
"com.google.common.collect.Multimaps.MapMultimap.putAll(K,Iterable<? extends V>)",1,1,1
"com.google.common.collect.Multimaps.MapMultimap.putAll(Multimap<? extends K, ? extends V>)",1,1,1
"com.google.common.collect.Multimaps.MapMultimap.remove(Object,Object)",1,1,1
"com.google.common.collect.Multimaps.MapMultimap.removeAll(Object)",2,1,2
"com.google.common.collect.Multimaps.MapMultimap.replaceValues(K,Iterable<? extends V>)",1,1,1
"com.google.common.collect.Multimaps.MapMultimap.size()",1,1,1
"com.google.common.collect.Multimaps.MapMultimap.toString()",2,1,2
"com.google.common.collect.Multimaps.MapMultimap.values()",1,1,1
"com.google.common.collect.Multimaps.Multimaps()",1,1,1
"com.google.common.collect.Multimaps.TransformedEntriesListMultimap.TransformedEntriesListMultimap(ListMultimap<K, V1>,EntryTransformer<? super K, ? super V1, V2>)",1,1,1
"com.google.common.collect.Multimaps.TransformedEntriesListMultimap.get(K)",1,1,1
"com.google.common.collect.Multimaps.TransformedEntriesListMultimap.removeAll(Object)",1,1,1
"com.google.common.collect.Multimaps.TransformedEntriesListMultimap.replaceValues(K,Iterable<? extends V2>)",1,1,1
"com.google.common.collect.Multimaps.TransformedEntriesListMultimap.transform(K,Collection<V1>)",1,1,1
"com.google.common.collect.Multimaps.TransformedEntriesMultimap.TransformedEntries.TransformedEntries(EntryTransformer<? super K, ? super V1, V2>)",1,1,1
"com.google.common.collect.Multimaps.TransformedEntriesMultimap.TransformedEntries.contains(Object)",2,2,2
"com.google.common.collect.Multimaps.TransformedEntriesMultimap.TransformedEntries.remove(Object)",2,2,2
"com.google.common.collect.Multimaps.TransformedEntriesMultimap.TransformedEntriesMultimap(Multimap<K, V1>,EntryTransformer<? super K, ? super V1, V2>)",1,1,1
"com.google.common.collect.Multimaps.TransformedEntriesMultimap.asMap()",2,2,2
"com.google.common.collect.Multimaps.TransformedEntriesMultimap.clear()",1,1,1
"com.google.common.collect.Multimaps.TransformedEntriesMultimap.containsEntry(Object,Object)",1,1,1
"com.google.common.collect.Multimaps.TransformedEntriesMultimap.containsKey(Object)",1,1,1
"com.google.common.collect.Multimaps.TransformedEntriesMultimap.containsValue(Object)",1,1,1
"com.google.common.collect.Multimaps.TransformedEntriesMultimap.entries()",2,1,2
"com.google.common.collect.Multimaps.TransformedEntriesMultimap.equals(Object)",2,2,2
"com.google.common.collect.Multimaps.TransformedEntriesMultimap.get(K)",1,1,1
"com.google.common.collect.Multimaps.TransformedEntriesMultimap.hashCode()",1,1,1
"com.google.common.collect.Multimaps.TransformedEntriesMultimap.isEmpty()",1,1,1
"com.google.common.collect.Multimaps.TransformedEntriesMultimap.keySet()",1,1,1
"com.google.common.collect.Multimaps.TransformedEntriesMultimap.keys()",1,1,1
"com.google.common.collect.Multimaps.TransformedEntriesMultimap.put(K,V2)",1,1,1
"com.google.common.collect.Multimaps.TransformedEntriesMultimap.putAll(K,Iterable<? extends V2>)",1,1,1
"com.google.common.collect.Multimaps.TransformedEntriesMultimap.putAll(Multimap<? extends K, ? extends V2>)",1,1,1
"com.google.common.collect.Multimaps.TransformedEntriesMultimap.remove(Object,Object)",1,1,1
"com.google.common.collect.Multimaps.TransformedEntriesMultimap.removeAll(Object)",1,1,1
"com.google.common.collect.Multimaps.TransformedEntriesMultimap.replaceValues(K,Iterable<? extends V2>)",1,1,1
"com.google.common.collect.Multimaps.TransformedEntriesMultimap.size()",1,1,1
"com.google.common.collect.Multimaps.TransformedEntriesMultimap.toString()",1,1,1
"com.google.common.collect.Multimaps.TransformedEntriesMultimap.transform(K,Collection<V1>)",1,1,1
"com.google.common.collect.Multimaps.TransformedEntriesMultimap.values()",2,2,2
"com.google.common.collect.Multimaps.UnmodifiableAsMapEntries.UnmodifiableAsMapEntries(Set<Entry<K, Collection<V>>>)",1,1,1
"com.google.common.collect.Multimaps.UnmodifiableAsMapEntries.contains(Object)",1,1,1
"com.google.common.collect.Multimaps.UnmodifiableAsMapEntries.containsAll(Collection<?>)",1,1,1
"com.google.common.collect.Multimaps.UnmodifiableAsMapEntries.delegate()",1,1,1
"com.google.common.collect.Multimaps.UnmodifiableAsMapEntries.equals(Object)",1,1,1
"com.google.common.collect.Multimaps.UnmodifiableAsMapEntries.iterator()",1,1,1
"com.google.common.collect.Multimaps.UnmodifiableAsMapEntries.toArray()",1,1,1
"com.google.common.collect.Multimaps.UnmodifiableAsMapEntries.toArray(T[])",1,1,1
"com.google.common.collect.Multimaps.UnmodifiableAsMapValues.UnmodifiableAsMapValues(Collection<Collection<V>>)",1,1,1
"com.google.common.collect.Multimaps.UnmodifiableAsMapValues.contains(Object)",1,1,1
"com.google.common.collect.Multimaps.UnmodifiableAsMapValues.containsAll(Collection<?>)",1,1,1
"com.google.common.collect.Multimaps.UnmodifiableAsMapValues.delegate()",1,1,1
"com.google.common.collect.Multimaps.UnmodifiableAsMapValues.iterator()",1,1,1
"com.google.common.collect.Multimaps.UnmodifiableAsMapValues.toArray()",1,1,1
"com.google.common.collect.Multimaps.UnmodifiableAsMapValues.toArray(T[])",1,1,1
"com.google.common.collect.Multimaps.UnmodifiableListMultimap.UnmodifiableListMultimap(ListMultimap<K, V>)",1,1,1
"com.google.common.collect.Multimaps.UnmodifiableListMultimap.delegate()",1,1,1
"com.google.common.collect.Multimaps.UnmodifiableListMultimap.get(K)",1,1,1
"com.google.common.collect.Multimaps.UnmodifiableListMultimap.removeAll(Object)",1,1,1
"com.google.common.collect.Multimaps.UnmodifiableListMultimap.replaceValues(K,Iterable<? extends V>)",1,1,1
"com.google.common.collect.Multimaps.UnmodifiableMultimap.UnmodifiableMultimap(Multimap<K, V>)",1,1,1
"com.google.common.collect.Multimaps.UnmodifiableMultimap.asMap()",1,5,5
"com.google.common.collect.Multimaps.UnmodifiableMultimap.clear()",1,1,1
"com.google.common.collect.Multimaps.UnmodifiableMultimap.delegate()",1,1,1
"com.google.common.collect.Multimaps.UnmodifiableMultimap.entries()",1,2,2
"com.google.common.collect.Multimaps.UnmodifiableMultimap.get(K)",1,1,1
"com.google.common.collect.Multimaps.UnmodifiableMultimap.keySet()",1,2,2
"com.google.common.collect.Multimaps.UnmodifiableMultimap.keys()",1,2,2
"com.google.common.collect.Multimaps.UnmodifiableMultimap.put(K,V)",1,1,1
"com.google.common.collect.Multimaps.UnmodifiableMultimap.putAll(K,Iterable<? extends V>)",1,1,1
"com.google.common.collect.Multimaps.UnmodifiableMultimap.putAll(Multimap<? extends K, ? extends V>)",1,1,1
"com.google.common.collect.Multimaps.UnmodifiableMultimap.remove(Object,Object)",1,1,1
"com.google.common.collect.Multimaps.UnmodifiableMultimap.removeAll(Object)",1,1,1
"com.google.common.collect.Multimaps.UnmodifiableMultimap.replaceValues(K,Iterable<? extends V>)",1,1,1
"com.google.common.collect.Multimaps.UnmodifiableMultimap.values()",1,2,2
"com.google.common.collect.Multimaps.UnmodifiableSetMultimap.UnmodifiableSetMultimap(SetMultimap<K, V>)",1,1,1
"com.google.common.collect.Multimaps.UnmodifiableSetMultimap.delegate()",1,1,1
"com.google.common.collect.Multimaps.UnmodifiableSetMultimap.entries()",1,1,1
"com.google.common.collect.Multimaps.UnmodifiableSetMultimap.get(K)",1,1,1
"com.google.common.collect.Multimaps.UnmodifiableSetMultimap.removeAll(Object)",1,1,1
"com.google.common.collect.Multimaps.UnmodifiableSetMultimap.replaceValues(K,Iterable<? extends V>)",1,1,1
"com.google.common.collect.Multimaps.UnmodifiableSortedSetMultimap.UnmodifiableSortedSetMultimap(SortedSetMultimap<K, V>)",1,1,1
"com.google.common.collect.Multimaps.UnmodifiableSortedSetMultimap.delegate()",1,1,1
"com.google.common.collect.Multimaps.UnmodifiableSortedSetMultimap.get(K)",1,1,1
"com.google.common.collect.Multimaps.UnmodifiableSortedSetMultimap.removeAll(Object)",1,1,1
"com.google.common.collect.Multimaps.UnmodifiableSortedSetMultimap.replaceValues(K,Iterable<? extends V>)",1,1,1
"com.google.common.collect.Multimaps.UnmodifiableSortedSetMultimap.valueComparator()",1,1,1
"com.google.common.collect.Multimaps.Values.clear()",1,1,1
"com.google.common.collect.Multimaps.Values.contains(Object)",1,1,1
"com.google.common.collect.Multimaps.Values.iterator()",1,1,1
"com.google.common.collect.Multimaps.Values.size()",1,1,1
"com.google.common.collect.Multimaps.filterEntries(Multimap<K, V>,Predicate<? super Entry<K, V>>)",1,2,2
"com.google.common.collect.Multimaps.filterFiltered(FilteredMultimap<K, V>,Predicate<? super Entry<K, V>>)",1,1,1
"com.google.common.collect.Multimaps.filterKeys(Multimap<K, V>,Predicate<? super K>)",1,1,1
"com.google.common.collect.Multimaps.filterValues(Multimap<K, V>,Predicate<? super V>)",1,1,1
"com.google.common.collect.Multimaps.forMap(Map<K, V>)",1,1,1
"com.google.common.collect.Multimaps.index(Iterable<V>,Function<? super V, K>)",1,1,1
"com.google.common.collect.Multimaps.index(Iterator<V>,Function<? super V, K>)",1,2,2
"com.google.common.collect.Multimaps.invertFrom(Multimap<? extends V, ? extends K>,M)",1,2,2
"com.google.common.collect.Multimaps.newListMultimap(Map<K, Collection<V>>,Supplier<? extends List<V>>)",1,1,1
"com.google.common.collect.Multimaps.newMultimap(Map<K, Collection<V>>,Supplier<? extends Collection<V>>)",1,1,1
"com.google.common.collect.Multimaps.newSetMultimap(Map<K, Collection<V>>,Supplier<? extends Set<V>>)",1,1,1
"com.google.common.collect.Multimaps.newSortedSetMultimap(Map<K, Collection<V>>,Supplier<? extends SortedSet<V>>)",1,1,1
"com.google.common.collect.Multimaps.synchronizedListMultimap(ListMultimap<K, V>)",1,1,1
"com.google.common.collect.Multimaps.synchronizedMultimap(Multimap<K, V>)",1,1,1
"com.google.common.collect.Multimaps.synchronizedSetMultimap(SetMultimap<K, V>)",1,1,1
"com.google.common.collect.Multimaps.synchronizedSortedSetMultimap(SortedSetMultimap<K, V>)",1,1,1
"com.google.common.collect.Multimaps.transformEntries(ListMultimap<K, V1>,EntryTransformer<? super K, ? super V1, V2>)",1,1,1
"com.google.common.collect.Multimaps.transformEntries(Multimap<K, V1>,EntryTransformer<? super K, ? super V1, V2>)",1,1,1
"com.google.common.collect.Multimaps.transformValues(ListMultimap<K, V1>,Function<? super V1, V2>)",1,1,1
"com.google.common.collect.Multimaps.transformValues(Multimap<K, V1>,Function<? super V1, V2>)",1,1,1
"com.google.common.collect.Multimaps.unmodifiableAsMapEntries(Set<Entry<K, Collection<V>>>)",1,1,1
"com.google.common.collect.Multimaps.unmodifiableAsMapEntry(Entry<K, Collection<V>>)",1,1,1
"com.google.common.collect.Multimaps.unmodifiableEntries(Collection<Entry<K, V>>)",2,2,2
"com.google.common.collect.Multimaps.unmodifiableListMultimap(ImmutableListMultimap<K, V>)",1,1,1
"com.google.common.collect.Multimaps.unmodifiableListMultimap(ListMultimap<K, V>)",2,1,3
"com.google.common.collect.Multimaps.unmodifiableMultimap(ImmutableMultimap<K, V>)",1,1,1
"com.google.common.collect.Multimaps.unmodifiableMultimap(Multimap<K, V>)",2,1,3
"com.google.common.collect.Multimaps.unmodifiableSetMultimap(ImmutableSetMultimap<K, V>)",1,1,1
"com.google.common.collect.Multimaps.unmodifiableSetMultimap(SetMultimap<K, V>)",2,1,3
"com.google.common.collect.Multimaps.unmodifiableSortedSetMultimap(SortedSetMultimap<K, V>)",2,1,2
"com.google.common.collect.Multimaps.unmodifiableValueCollection(Collection<V>)",4,4,4
"com.google.common.collect.Multiset_CustomFieldSerializerBase.Multiset_CustomFieldSerializerBase()",1,1,1
"com.google.common.collect.Multiset_CustomFieldSerializerBase.populate(SerializationStreamReader,Multiset<Object>)",1,2,2
"com.google.common.collect.Multiset_CustomFieldSerializerBase.serialize(SerializationStreamWriter,Multiset<?>)",1,2,2
"com.google.common.collect.Multisets.AbstractEntry.equals(Object)",2,3,3
"com.google.common.collect.Multisets.AbstractEntry.hashCode()",1,2,2
"com.google.common.collect.Multisets.AbstractEntry.toString()",1,1,2
"com.google.common.collect.Multisets.ElementSet.clear()",1,1,1
"com.google.common.collect.Multisets.ElementSet.contains(Object)",1,1,1
"com.google.common.collect.Multisets.ElementSet.containsAll(Collection<?>)",1,1,1
"com.google.common.collect.Multisets.ElementSet.isEmpty()",1,1,1
"com.google.common.collect.Multisets.ElementSet.iterator()",1,1,1
"com.google.common.collect.Multisets.ElementSet.remove(Object)",2,2,2
"com.google.common.collect.Multisets.ElementSet.size()",1,1,1
"com.google.common.collect.Multisets.EntrySet.clear()",1,1,1
"com.google.common.collect.Multisets.EntrySet.contains(Object)",3,2,3
"com.google.common.collect.Multisets.EntrySet.remove(Object)",1,2,2
"com.google.common.collect.Multisets.ImmutableEntry.ImmutableEntry(E,int)",1,1,1
"com.google.common.collect.Multisets.ImmutableEntry.getCount()",1,1,1
"com.google.common.collect.Multisets.ImmutableEntry.getElement()",1,1,1
"com.google.common.collect.Multisets.MultisetIteratorImpl.MultisetIteratorImpl(Multiset<E>,Iterator<Entry<E>>)",1,1,1
"com.google.common.collect.Multisets.MultisetIteratorImpl.hasNext()",1,2,2
"com.google.common.collect.Multisets.MultisetIteratorImpl.next()",2,2,3
"com.google.common.collect.Multisets.MultisetIteratorImpl.remove()",1,2,2
"com.google.common.collect.Multisets.Multisets()",1,1,1
"com.google.common.collect.Multisets.SetMultiset.ElementSet.add(E)",1,1,1
"com.google.common.collect.Multisets.SetMultiset.ElementSet.addAll(Collection<? extends E>)",1,1,1
"com.google.common.collect.Multisets.SetMultiset.ElementSet.delegate()",1,1,1
"com.google.common.collect.Multisets.SetMultiset.SetMultiset(Set<E>)",1,1,1
"com.google.common.collect.Multisets.SetMultiset.add(E)",1,1,1
"com.google.common.collect.Multisets.SetMultiset.add(E,int)",1,1,1
"com.google.common.collect.Multisets.SetMultiset.addAll(Collection<? extends E>)",1,1,1
"com.google.common.collect.Multisets.SetMultiset.count(Object)",1,1,2
"com.google.common.collect.Multisets.SetMultiset.delegate()",1,1,1
"com.google.common.collect.Multisets.SetMultiset.elementSet()",1,1,2
"com.google.common.collect.Multisets.SetMultiset.entrySet()",1,2,2
"com.google.common.collect.Multisets.SetMultiset.equals(Object)",2,3,3
"com.google.common.collect.Multisets.SetMultiset.hashCode()",1,3,3
"com.google.common.collect.Multisets.SetMultiset.remove(Object,int)",2,2,3
"com.google.common.collect.Multisets.SetMultiset.setCount(E,int)",3,3,3
"com.google.common.collect.Multisets.SetMultiset.setCount(E,int,int)",1,1,1
"com.google.common.collect.Multisets.UnmodifiableMultiset.UnmodifiableMultiset(Multiset<? extends E>)",1,1,1
"com.google.common.collect.Multisets.UnmodifiableMultiset.add(E)",1,1,1
"com.google.common.collect.Multisets.UnmodifiableMultiset.add(E,int)",1,1,1
"com.google.common.collect.Multisets.UnmodifiableMultiset.addAll(Collection<? extends E>)",1,1,1
"com.google.common.collect.Multisets.UnmodifiableMultiset.clear()",1,1,1
"com.google.common.collect.Multisets.UnmodifiableMultiset.createElementSet()",1,1,1
"com.google.common.collect.Multisets.UnmodifiableMultiset.delegate()",1,1,1
"com.google.common.collect.Multisets.UnmodifiableMultiset.elementSet()",1,2,2
"com.google.common.collect.Multisets.UnmodifiableMultiset.entrySet()",1,2,2
"com.google.common.collect.Multisets.UnmodifiableMultiset.iterator()",1,1,1
"com.google.common.collect.Multisets.UnmodifiableMultiset.remove(Object)",1,1,1
"com.google.common.collect.Multisets.UnmodifiableMultiset.remove(Object,int)",1,1,1
"com.google.common.collect.Multisets.UnmodifiableMultiset.removeAll(Collection<?>)",1,1,1
"com.google.common.collect.Multisets.UnmodifiableMultiset.retainAll(Collection<?>)",1,1,1
"com.google.common.collect.Multisets.UnmodifiableMultiset.setCount(E,int)",1,1,1
"com.google.common.collect.Multisets.UnmodifiableMultiset.setCount(E,int,int)",1,1,1
"com.google.common.collect.Multisets.UnmodifiableSortedMultiset.UnmodifiableSortedMultiset(SortedMultiset<E>)",1,1,1
"com.google.common.collect.Multisets.UnmodifiableSortedMultiset.comparator()",1,1,1
"com.google.common.collect.Multisets.UnmodifiableSortedMultiset.createElementSet()",1,1,1
"com.google.common.collect.Multisets.UnmodifiableSortedMultiset.delegate()",1,1,1
"com.google.common.collect.Multisets.UnmodifiableSortedMultiset.descendingMultiset()",2,2,2
"com.google.common.collect.Multisets.UnmodifiableSortedMultiset.elementSet()",1,1,1
"com.google.common.collect.Multisets.UnmodifiableSortedMultiset.firstEntry()",1,1,1
"com.google.common.collect.Multisets.UnmodifiableSortedMultiset.headMultiset(E,BoundType)",1,1,1
"com.google.common.collect.Multisets.UnmodifiableSortedMultiset.lastEntry()",1,1,1
"com.google.common.collect.Multisets.UnmodifiableSortedMultiset.pollFirstEntry()",1,1,1
"com.google.common.collect.Multisets.UnmodifiableSortedMultiset.pollLastEntry()",1,1,1
"com.google.common.collect.Multisets.UnmodifiableSortedMultiset.subMultiset(E,BoundType,E,BoundType)",1,1,1
"com.google.common.collect.Multisets.UnmodifiableSortedMultiset.tailMultiset(E,BoundType)",1,1,1
"com.google.common.collect.Multisets.addAllImpl(Multiset<E>,Collection<? extends E>)",2,3,4
"com.google.common.collect.Multisets.cast(Iterable<T>)",1,1,1
"com.google.common.collect.Multisets.checkNonnegative(int,String)",1,1,1
"com.google.common.collect.Multisets.containsOccurrences(Multiset<?>,Multiset<?>)",3,2,3
"com.google.common.collect.Multisets.copyHighestCountFirst(Multiset<E>)",1,1,1
"com.google.common.collect.Multisets.equalsImpl(Multiset<?>,Object)",6,4,7
"com.google.common.collect.Multisets.forSet(Set<E>)",1,1,1
"com.google.common.collect.Multisets.immutableEntry(E,int)",1,1,1
"com.google.common.collect.Multisets.inferDistinctElements(Iterable<?>)",2,2,2
"com.google.common.collect.Multisets.intersection(Multiset<E>,Multiset<?>)",3,4,4
"com.google.common.collect.Multisets.iteratorImpl(Multiset<E>)",1,1,1
"com.google.common.collect.Multisets.removeAllImpl(Multiset<?>,Collection<?>)",1,2,2
"com.google.common.collect.Multisets.removeOccurrences(Multiset<?>,Multiset<?>)",1,1,1
"com.google.common.collect.Multisets.removeOccurrencesImpl(Multiset<E>,Multiset<?>)",1,4,4
"com.google.common.collect.Multisets.retainAllImpl(Multiset<?>,Collection<?>)",1,2,2
"com.google.common.collect.Multisets.retainOccurrences(Multiset<?>,Multiset<?>)",1,1,1
"com.google.common.collect.Multisets.retainOccurrencesImpl(Multiset<E>,Multiset<?>)",1,4,4
"com.google.common.collect.Multisets.setCountImpl(Multiset<E>,E,int)",1,3,3
"com.google.common.collect.Multisets.setCountImpl(Multiset<E>,E,int,int)",2,2,2
"com.google.common.collect.Multisets.sizeImpl(Multiset<?>)",1,2,2
"com.google.common.collect.Multisets.unmodifiableMultiset(ImmutableMultiset<E>)",1,1,1
"com.google.common.collect.Multisets.unmodifiableMultiset(Multiset<? extends E>)",2,1,3
"com.google.common.collect.Multisets.unmodifiableSortedMultiset(SortedMultiset<E>)",1,1,1
"com.google.common.collect.MutableClassToInstanceMap.MutableClassToInstanceMap(Map<Class<? extends B>, B>)",1,1,1
"com.google.common.collect.MutableClassToInstanceMap.cast(Class<T>,B)",1,1,1
"com.google.common.collect.MutableClassToInstanceMap.create()",1,1,1
"com.google.common.collect.MutableClassToInstanceMap.create(Map<Class<? extends B>, B>)",1,1,1
"com.google.common.collect.MutableClassToInstanceMap.getInstance(Class<T>)",1,1,1
"com.google.common.collect.MutableClassToInstanceMap.putInstance(Class<T>,T)",1,1,1
"com.google.common.collect.NaturalOrdering.NaturalOrdering()",1,1,1
"com.google.common.collect.NaturalOrdering.binarySearch(List<? extends Comparable>,Comparable)",1,1,1
"com.google.common.collect.NaturalOrdering.compare(Comparable,Comparable)",2,1,2
"com.google.common.collect.NaturalOrdering.readResolve()",1,1,1
"com.google.common.collect.NaturalOrdering.reverse()",1,1,1
"com.google.common.collect.NaturalOrdering.sortedCopy(Iterable<E>)",1,1,1
"com.google.common.collect.NaturalOrdering.toString()",1,1,1
"com.google.common.collect.NaturalOrdering_CustomFieldSerializer.deserialize(SerializationStreamReader,NaturalOrdering)",1,1,1
"com.google.common.collect.NaturalOrdering_CustomFieldSerializer.instantiate(SerializationStreamReader)",1,1,1
"com.google.common.collect.NaturalOrdering_CustomFieldSerializer.serialize(SerializationStreamWriter,NaturalOrdering)",1,1,1
"com.google.common.collect.NullsFirstOrdering.NullsFirstOrdering(Ordering<? super T>)",1,1,1
"com.google.common.collect.NullsFirstOrdering.compare(T,T)",4,1,4
"com.google.common.collect.NullsFirstOrdering.equals(Object)",3,2,3
"com.google.common.collect.NullsFirstOrdering.hashCode()",1,1,1
"com.google.common.collect.NullsFirstOrdering.nullsFirst()",1,1,1
"com.google.common.collect.NullsFirstOrdering.nullsLast()",1,1,1
"com.google.common.collect.NullsFirstOrdering.reverse()",1,1,1
"com.google.common.collect.NullsFirstOrdering.toString()",1,1,1
"com.google.common.collect.NullsFirstOrdering_CustomFieldSerializer.deserialize(SerializationStreamReader,NullsFirstOrdering<?>)",1,1,1
"com.google.common.collect.NullsFirstOrdering_CustomFieldSerializer.instantiate(SerializationStreamReader)",1,1,1
"com.google.common.collect.NullsFirstOrdering_CustomFieldSerializer.serialize(SerializationStreamWriter,NullsFirstOrdering<?>)",1,1,1
"com.google.common.collect.NullsLastOrdering.NullsLastOrdering(Ordering<? super T>)",1,1,1
"com.google.common.collect.NullsLastOrdering.compare(T,T)",4,1,4
"com.google.common.collect.NullsLastOrdering.equals(Object)",3,2,3
"com.google.common.collect.NullsLastOrdering.hashCode()",1,1,1
"com.google.common.collect.NullsLastOrdering.nullsFirst()",1,1,1
"com.google.common.collect.NullsLastOrdering.nullsLast()",1,1,1
"com.google.common.collect.NullsLastOrdering.reverse()",1,1,1
"com.google.common.collect.NullsLastOrdering.toString()",1,1,1
"com.google.common.collect.NullsLastOrdering_CustomFieldSerializer.deserialize(SerializationStreamReader,NullsLastOrdering<?>)",1,1,1
"com.google.common.collect.NullsLastOrdering_CustomFieldSerializer.instantiate(SerializationStreamReader)",1,1,1
"com.google.common.collect.NullsLastOrdering_CustomFieldSerializer.serialize(SerializationStreamWriter,NullsLastOrdering<?>)",1,1,1
"com.google.common.collect.ObjectArrays.ObjectArrays()",1,1,1
"com.google.common.collect.ObjectArrays.arraysCopyOf(T[],int)",1,1,1
"com.google.common.collect.ObjectArrays.checkElementNotNull(Object,int)",2,1,2
"com.google.common.collect.ObjectArrays.concat(T,T[])",1,1,1
"com.google.common.collect.ObjectArrays.concat(T[],T)",1,1,1
"com.google.common.collect.ObjectArrays.concat(T[],T[],Class<T>)",1,1,1
"com.google.common.collect.ObjectArrays.fillArray(Iterable<?>,Object[])",1,1,2
"com.google.common.collect.ObjectArrays.newArray(Class<T>,int)",1,1,1
"com.google.common.collect.ObjectArrays.newArray(T[],int)",1,1,1
"com.google.common.collect.ObjectArrays.swap(Object[],int,int)",1,1,1
"com.google.common.collect.ObjectArrays.toArrayImpl(Collection<?>)",1,1,1
"com.google.common.collect.ObjectArrays.toArrayImpl(Collection<?>,T[])",1,2,3
"com.google.common.collect.Ordering.ArbitraryOrdering.compare(Object,Object)",6,1,7
"com.google.common.collect.Ordering.ArbitraryOrdering.identityHashCode(Object)",1,1,1
"com.google.common.collect.Ordering.ArbitraryOrdering.toString()",1,1,1
"com.google.common.collect.Ordering.IncomparableValueException.IncomparableValueException(Object)",1,1,1
"com.google.common.collect.Ordering.Ordering()",1,1,1
"com.google.common.collect.Ordering.allEqual()",1,1,1
"com.google.common.collect.Ordering.arbitrary()",1,1,1
"com.google.common.collect.Ordering.binarySearch(List<? extends T>,T)",1,1,1
"com.google.common.collect.Ordering.compound(Comparator<? super U>)",1,1,1
"com.google.common.collect.Ordering.compound(Iterable<? extends Comparator<? super T>>)",1,1,1
"com.google.common.collect.Ordering.explicit(List<T>)",1,1,1
"com.google.common.collect.Ordering.explicit(T,T...)",1,1,1
"com.google.common.collect.Ordering.from(Comparator<T>)",1,1,2
"com.google.common.collect.Ordering.from(Ordering<T>)",1,1,1
"com.google.common.collect.Ordering.greatestOf(Iterable<E>,int)",1,1,1
"com.google.common.collect.Ordering.immutableSortedCopy(Iterable<E>)",1,2,2
"com.google.common.collect.Ordering.isOrdered(Iterable<? extends T>)",4,3,4
"com.google.common.collect.Ordering.isStrictlyOrdered(Iterable<? extends T>)",4,3,4
"com.google.common.collect.Ordering.leastOf(Iterable<E>,int)",1,2,2
"com.google.common.collect.Ordering.lexicographical()",1,1,1
"com.google.common.collect.Ordering.max(E,E)",1,1,2
"com.google.common.collect.Ordering.max(E,E,E,E...)",1,2,2
"com.google.common.collect.Ordering.max(Iterable<E>)",1,1,1
"com.google.common.collect.Ordering.max(Iterator<E>)",1,2,2
"com.google.common.collect.Ordering.min(E,E)",1,1,2
"com.google.common.collect.Ordering.min(E,E,E,E...)",1,2,2
"com.google.common.collect.Ordering.min(Iterable<E>)",1,1,1
"com.google.common.collect.Ordering.min(Iterator<E>)",1,2,2
"com.google.common.collect.Ordering.natural()",1,1,1
"com.google.common.collect.Ordering.nullsFirst()",1,1,1
"com.google.common.collect.Ordering.nullsLast()",1,1,1
"com.google.common.collect.Ordering.onResultOf(Function<F, ? extends T>)",1,1,1
"com.google.common.collect.Ordering.partition(E[],int,int,int)",1,3,3
"com.google.common.collect.Ordering.quicksortLeastK(E[],int,int,int)",1,3,3
"com.google.common.collect.Ordering.reverse()",1,1,1
"com.google.common.collect.Ordering.sortedCopy(Iterable<E>)",1,1,1
"com.google.common.collect.Ordering.usingToString()",1,1,1
"com.google.common.collect.Platform.Platform()",1,1,1
"com.google.common.collect.Platform.clone(T[])",1,1,1
"com.google.common.collect.Platform.mapsAsMapSortedSet(SortedSet<K>,Function<? super K, V>)",1,2,2
"com.google.common.collect.Platform.mapsTransformEntriesSortedMap(SortedMap<K, V1>,EntryTransformer<? super K, ? super V1, V2>)",1,2,2
"com.google.common.collect.Platform.newArray(T[],int)",1,1,1
"com.google.common.collect.Platform.tryWeakKeys(MapMaker)",1,1,1
"com.google.common.collect.Queues.Queues()",1,1,1
"com.google.common.collect.Queues.drain(BlockingQueue<E>,Collection<? super E>,int,long,TimeUnit)",4,3,4
"com.google.common.collect.Queues.drainUninterruptibly(BlockingQueue<E>,Collection<? super E>,int,long,TimeUnit)",5,5,7
"com.google.common.collect.Queues.newArrayBlockingQueue(int)",1,1,1
"com.google.common.collect.Queues.newArrayDeque()",1,1,1
"com.google.common.collect.Queues.newArrayDeque(Iterable<? extends E>)",2,2,2
"com.google.common.collect.Queues.newConcurrentLinkedQueue()",1,1,1
"com.google.common.collect.Queues.newConcurrentLinkedQueue(Iterable<? extends E>)",2,2,2
"com.google.common.collect.Queues.newLinkedBlockingDeque()",1,1,1
"com.google.common.collect.Queues.newLinkedBlockingDeque(Iterable<? extends E>)",2,2,2
"com.google.common.collect.Queues.newLinkedBlockingDeque(int)",1,1,1
"com.google.common.collect.Queues.newLinkedBlockingQueue()",1,1,1
"com.google.common.collect.Queues.newLinkedBlockingQueue(Iterable<? extends E>)",2,2,2
"com.google.common.collect.Queues.newLinkedBlockingQueue(int)",1,1,1
"com.google.common.collect.Queues.newPriorityBlockingQueue()",1,1,1
"com.google.common.collect.Queues.newPriorityBlockingQueue(Iterable<? extends E>)",2,2,2
"com.google.common.collect.Queues.newPriorityQueue()",1,1,1
"com.google.common.collect.Queues.newPriorityQueue(Iterable<? extends E>)",2,2,2
"com.google.common.collect.Queues.newSynchronousQueue()",1,1,1
"com.google.common.collect.Queues.synchronizedQueue(Queue<E>)",1,1,1
"com.google.common.collect.Range.Range(Cut<C>,Cut<C>)",2,2,2
"com.google.common.collect.Range.all()",1,1,1
"com.google.common.collect.Range.apply(C)",1,1,1
"com.google.common.collect.Range.asSet(DiscreteDomain<C>)",1,1,1
"com.google.common.collect.Range.atLeast(C)",1,1,1
"com.google.common.collect.Range.atMost(C)",1,1,1
"com.google.common.collect.Range.canonical(DiscreteDomain<C>)",1,2,3
"com.google.common.collect.Range.cast(Iterable<T>)",1,1,1
"com.google.common.collect.Range.closed(C,C)",1,1,1
"com.google.common.collect.Range.closedOpen(C,C)",1,1,1
"com.google.common.collect.Range.compareOrThrow(Comparable,Comparable)",1,1,1
"com.google.common.collect.Range.contains(C)",1,2,2
"com.google.common.collect.Range.containsAll(Iterable<? extends C>)",6,6,8
"com.google.common.collect.Range.create(Cut<C>,Cut<C>)",1,1,1
"com.google.common.collect.Range.downTo(C,BoundType)",4,4,4
"com.google.common.collect.Range.encloseAll(Iterable<C>)",2,3,3
"com.google.common.collect.Range.encloses(Range<C>)",1,2,2
"com.google.common.collect.Range.equals(Object)",2,3,3
"com.google.common.collect.Range.greaterThan(C)",1,1,1
"com.google.common.collect.Range.hasLowerBound()",1,1,1
"com.google.common.collect.Range.hasUpperBound()",1,1,1
"com.google.common.collect.Range.hashCode()",1,1,1
"com.google.common.collect.Range.intersection(Range<C>)",1,1,1
"com.google.common.collect.Range.isConnected(Range<C>)",1,2,2
"com.google.common.collect.Range.isEmpty()",1,1,1
"com.google.common.collect.Range.lessThan(C)",1,1,1
"com.google.common.collect.Range.lowerBoundType()",1,1,1
"com.google.common.collect.Range.lowerEndpoint()",1,1,1
"com.google.common.collect.Range.open(C,C)",1,1,1
"com.google.common.collect.Range.openClosed(C,C)",1,1,1
"com.google.common.collect.Range.range(C,BoundType,C,BoundType)",1,3,3
"com.google.common.collect.Range.singleton(C)",1,1,1
"com.google.common.collect.Range.span(Range<C>)",1,1,1
"com.google.common.collect.Range.toString()",1,1,1
"com.google.common.collect.Range.toString(Cut<?>,Cut<?>)",1,1,1
"com.google.common.collect.Range.upTo(C,BoundType)",4,4,4
"com.google.common.collect.Range.upperBoundType()",1,1,1
"com.google.common.collect.Range.upperEndpoint()",1,1,1
"com.google.common.collect.RangeMap.RangeMap(NavigableMap<Cut<K>, RangeValue<K, V>>)",1,1,1
"com.google.common.collect.RangeMap.RangeValue.RangeValue(Range<K>,V)",1,1,1
"com.google.common.collect.RangeMap.RangeValue.getLowerBound()",1,1,1
"com.google.common.collect.RangeMap.RangeValue.getUpperBound()",1,1,1
"com.google.common.collect.RangeMap.RangeValue.withLowerBound(Cut<K>)",1,2,2
"com.google.common.collect.RangeMap.RangeValue.withUpperBound(Cut<K>)",1,2,2
"com.google.common.collect.RangeMap.apply(K)",1,1,1
"com.google.common.collect.RangeMap.clear()",1,1,1
"com.google.common.collect.RangeMap.clear(Range<K>)",5,7,8
"com.google.common.collect.RangeMap.create()",1,1,1
"com.google.common.collect.RangeMap.equals(Object)",1,2,2
"com.google.common.collect.RangeMap.get(K)",2,3,3
"com.google.common.collect.RangeMap.hashCode()",1,1,1
"com.google.common.collect.RangeMap.put(Range<K>,V)",2,1,2
"com.google.common.collect.RangeMap.putAll(RangeMap<K, V>)",1,2,2
"com.google.common.collect.RangeMap.putRange(RangeValue<K, V>)",1,3,3
"com.google.common.collect.RangeMap.removeRange(RangeValue<K, V>)",1,1,1
"com.google.common.collect.RangeMap.toString()",1,1,1
"com.google.common.collect.RangeSet.RangeSet()",1,1,1
"com.google.common.collect.RangeSet.StandardComplement.StandardComplement(RangeSet<C>)",1,1,1
"com.google.common.collect.RangeSet.StandardComplement.add(Range<C>)",1,1,1
"com.google.common.collect.RangeSet.StandardComplement.asRanges()",1,2,2
"com.google.common.collect.RangeSet.StandardComplement.complement()",1,1,1
"com.google.common.collect.RangeSet.StandardComplement.contains(C)",1,1,1
"com.google.common.collect.RangeSet.StandardComplement.createAsRanges()",4,2,4
"com.google.common.collect.RangeSet.StandardComplement.remove(Range<C>)",1,1,1
"com.google.common.collect.RangeSet.add(Range<C>)",1,1,1
"com.google.common.collect.RangeSet.addAll(RangeSet<C>)",1,2,2
"com.google.common.collect.RangeSet.contains(C)",1,1,1
"com.google.common.collect.RangeSet.encloses(Range<C>)",3,2,3
"com.google.common.collect.RangeSet.enclosesAll(RangeSet<C>)",3,2,3
"com.google.common.collect.RangeSet.equals(Object)",2,2,2
"com.google.common.collect.RangeSet.hashCode()",1,1,1
"com.google.common.collect.RangeSet.isEmpty()",1,1,1
"com.google.common.collect.RangeSet.rangeContaining(C)",3,2,3
"com.google.common.collect.RangeSet.remove(Range<C>)",1,1,1
"com.google.common.collect.RangeSet.removeAll(RangeSet<C>)",1,2,2
"com.google.common.collect.RangeSet.toString()",1,2,2
"com.google.common.collect.Ranges.Ranges()",1,1,1
"com.google.common.collect.Ranges.all()",1,1,1
"com.google.common.collect.Ranges.atLeast(C)",1,1,1
"com.google.common.collect.Ranges.atMost(C)",1,1,1
"com.google.common.collect.Ranges.closed(C,C)",1,1,1
"com.google.common.collect.Ranges.closedOpen(C,C)",1,1,1
"com.google.common.collect.Ranges.downTo(C,BoundType)",1,1,1
"com.google.common.collect.Ranges.encloseAll(Iterable<C>)",1,1,1
"com.google.common.collect.Ranges.greaterThan(C)",1,1,1
"com.google.common.collect.Ranges.lessThan(C)",1,1,1
"com.google.common.collect.Ranges.open(C,C)",1,1,1
"com.google.common.collect.Ranges.openClosed(C,C)",1,1,1
"com.google.common.collect.Ranges.range(C,BoundType,C,BoundType)",1,1,1
"com.google.common.collect.Ranges.singleton(C)",1,1,1
"com.google.common.collect.Ranges.upTo(C,BoundType)",1,1,1
"com.google.common.collect.RegularContiguousSet.DescendingContiguousSet.DescendingContiguousSet()",1,1,1
"com.google.common.collect.RegularContiguousSet.DescendingContiguousSet.createDescendingSet()",1,1,1
"com.google.common.collect.RegularContiguousSet.DescendingContiguousSet.first()",1,1,1
"com.google.common.collect.RegularContiguousSet.DescendingContiguousSet.headSetImpl(C,boolean)",1,1,1
"com.google.common.collect.RegularContiguousSet.DescendingContiguousSet.indexOf(Object)",1,2,2
"com.google.common.collect.RegularContiguousSet.DescendingContiguousSet.isPartialView()",1,1,1
"com.google.common.collect.RegularContiguousSet.DescendingContiguousSet.iterator()",1,2,2
"com.google.common.collect.RegularContiguousSet.DescendingContiguousSet.last()",1,1,1
"com.google.common.collect.RegularContiguousSet.DescendingContiguousSet.size()",1,1,1
"com.google.common.collect.RegularContiguousSet.DescendingContiguousSet.subSetImpl(C,boolean,C,boolean)",1,1,1
"com.google.common.collect.RegularContiguousSet.DescendingContiguousSet.tailSetImpl(C,boolean)",1,1,1
"com.google.common.collect.RegularContiguousSet.RegularContiguousSet(Range<C>,DiscreteDomain<C>)",1,1,1
"com.google.common.collect.RegularContiguousSet.SerializedForm.SerializedForm(Range<C>,DiscreteDomain<C>)",1,1,1
"com.google.common.collect.RegularContiguousSet.SerializedForm.readResolve()",1,1,1
"com.google.common.collect.RegularContiguousSet.contains(Object)",2,1,3
"com.google.common.collect.RegularContiguousSet.containsAll(Collection<?>)",1,1,1
"com.google.common.collect.RegularContiguousSet.createDescendingSet()",1,1,1
"com.google.common.collect.RegularContiguousSet.equals(Object)",4,5,5
"com.google.common.collect.RegularContiguousSet.equalsOrThrow(Comparable<?>,Comparable<?>)",1,2,2
"com.google.common.collect.RegularContiguousSet.first()",1,1,1
"com.google.common.collect.RegularContiguousSet.hashCode()",1,1,1
"com.google.common.collect.RegularContiguousSet.headSetImpl(C,boolean)",1,1,1
"com.google.common.collect.RegularContiguousSet.indexOf(Object)",1,2,2
"com.google.common.collect.RegularContiguousSet.intersection(ContiguousSet<C>)",2,3,3
"com.google.common.collect.RegularContiguousSet.intersectionInCurrentDomain(Range<C>)",1,2,2
"com.google.common.collect.RegularContiguousSet.isEmpty()",1,1,1
"com.google.common.collect.RegularContiguousSet.isPartialView()",1,1,1
"com.google.common.collect.RegularContiguousSet.iterator()",1,2,2
"com.google.common.collect.RegularContiguousSet.last()",1,1,1
"com.google.common.collect.RegularContiguousSet.range()",1,1,1
"com.google.common.collect.RegularContiguousSet.range(BoundType,BoundType)",1,1,1
"com.google.common.collect.RegularContiguousSet.size()",1,1,2
"com.google.common.collect.RegularContiguousSet.subSetImpl(C,boolean,C,boolean)",2,3,4
"com.google.common.collect.RegularContiguousSet.tailSetImpl(C,boolean)",1,1,1
"com.google.common.collect.RegularContiguousSet.toArray()",1,1,1
"com.google.common.collect.RegularContiguousSet.toArray(T[])",1,1,1
"com.google.common.collect.RegularContiguousSet.writeReplace()",1,1,1
"com.google.common.collect.RegularImmutableAsList.RegularImmutableAsList(ImmutableCollection<E>,ImmutableList<? extends E>)",1,1,1
"com.google.common.collect.RegularImmutableAsList.RegularImmutableAsList(ImmutableCollection<E>,Object[])",1,1,1
"com.google.common.collect.RegularImmutableAsList.delegateCollection()",1,1,1
"com.google.common.collect.RegularImmutableAsList.delegateList()",1,1,1
"com.google.common.collect.RegularImmutableAsList.equals(Object)",1,1,1
"com.google.common.collect.RegularImmutableAsList.get(int)",1,1,1
"com.google.common.collect.RegularImmutableAsList.hashCode()",1,1,1
"com.google.common.collect.RegularImmutableAsList.indexOf(Object)",1,1,1
"com.google.common.collect.RegularImmutableAsList.lastIndexOf(Object)",1,1,1
"com.google.common.collect.RegularImmutableAsList.listIterator(int)",1,1,1
"com.google.common.collect.RegularImmutableAsList.toArray()",1,1,1
"com.google.common.collect.RegularImmutableAsList.toArray(T[])",1,1,1
"com.google.common.collect.RegularImmutableAsList_CustomFieldSerializer.deserialize(SerializationStreamReader,RegularImmutableAsList<?>)",1,1,1
"com.google.common.collect.RegularImmutableAsList_CustomFieldSerializer.instantiate(SerializationStreamReader)",1,1,1
"com.google.common.collect.RegularImmutableAsList_CustomFieldSerializer.serialize(SerializationStreamWriter,RegularImmutableAsList<?>)",1,1,1
"com.google.common.collect.RegularImmutableBiMap.RegularImmutableBiMap(ImmutableMap<K, V>)",1,2,2
"com.google.common.collect.RegularImmutableBiMap.RegularImmutableBiMap(ImmutableMap<K, V>,ImmutableBiMap<V, K>)",1,1,1
"com.google.common.collect.RegularImmutableBiMap.delegate()",1,1,1
"com.google.common.collect.RegularImmutableBiMap.inverse()",1,1,1
"com.google.common.collect.RegularImmutableBiMap.isPartialView()",1,2,2
"com.google.common.collect.RegularImmutableBiMap_CustomFieldSerializer.deserialize(SerializationStreamReader,RegularImmutableBiMap<?, ?>)",1,1,1
"com.google.common.collect.RegularImmutableBiMap_CustomFieldSerializer.instantiate(SerializationStreamReader)",1,1,1
"com.google.common.collect.RegularImmutableBiMap_CustomFieldSerializer.serialize(SerializationStreamWriter,RegularImmutableBiMap<?, ?>)",1,1,1
"com.google.common.collect.RegularImmutableList.RegularImmutableList(Object[])",1,1,1
"com.google.common.collect.RegularImmutableList.RegularImmutableList(Object[],int,int)",1,1,1
"com.google.common.collect.RegularImmutableList.equals(Object)",9,4,9
"com.google.common.collect.RegularImmutableList.get(int)",1,1,1
"com.google.common.collect.RegularImmutableList.isEmpty()",1,1,1
"com.google.common.collect.RegularImmutableList.isPartialView()",1,1,2
"com.google.common.collect.RegularImmutableList.listIterator(int)",1,1,1
"com.google.common.collect.RegularImmutableList.size()",1,1,1
"com.google.common.collect.RegularImmutableList.subListUnchecked(int,int)",1,1,1
"com.google.common.collect.RegularImmutableList.toArray()",1,1,1
"com.google.common.collect.RegularImmutableList.toArray(T[])",1,2,3
"com.google.common.collect.RegularImmutableList.toString()",1,2,2
"com.google.common.collect.RegularImmutableList_CustomFieldSerializer.deserialize(SerializationStreamReader,RegularImmutableList<?>)",1,1,1
"com.google.common.collect.RegularImmutableList_CustomFieldSerializer.instantiate(SerializationStreamReader)",1,1,1
"com.google.common.collect.RegularImmutableList_CustomFieldSerializer.serialize(SerializationStreamWriter,RegularImmutableList<?>)",1,1,1
"com.google.common.collect.RegularImmutableMap.EntrySet.createAsList()",1,1,1
"com.google.common.collect.RegularImmutableMap.EntrySet.iterator()",1,1,1
"com.google.common.collect.RegularImmutableMap.EntrySet.map()",1,1,1
"com.google.common.collect.RegularImmutableMap.NonTerminalEntry.NonTerminalEntry(K,V,LinkedEntry<K, V>)",1,1,1
"com.google.common.collect.RegularImmutableMap.NonTerminalEntry.next()",1,1,1
"com.google.common.collect.RegularImmutableMap.RegularImmutableMap(Entry<?, ?>...)",1,3,3
"com.google.common.collect.RegularImmutableMap.TerminalEntry.TerminalEntry(K,V)",1,1,1
"com.google.common.collect.RegularImmutableMap.TerminalEntry.next()",1,1,1
"com.google.common.collect.RegularImmutableMap.chooseTableSize(int)",1,2,2
"com.google.common.collect.RegularImmutableMap.containsValue(Object)",4,2,4
"com.google.common.collect.RegularImmutableMap.createEntryArray(int)",1,1,1
"com.google.common.collect.RegularImmutableMap.createEntrySet()",1,1,1
"com.google.common.collect.RegularImmutableMap.createKeySet()",1,1,1
"com.google.common.collect.RegularImmutableMap.get(Object)",4,3,4
"com.google.common.collect.RegularImmutableMap.isEmpty()",1,1,1
"com.google.common.collect.RegularImmutableMap.isPartialView()",1,1,1
"com.google.common.collect.RegularImmutableMap.newLinkedEntry(K,V,LinkedEntry<K, V>)",1,1,2
"com.google.common.collect.RegularImmutableMap.size()",1,1,1
"com.google.common.collect.RegularImmutableMap.toString()",1,1,1
"com.google.common.collect.RegularImmutableMap_CustomFieldSerializer.deserialize(SerializationStreamReader,RegularImmutableMap<?, ?>)",1,1,1
"com.google.common.collect.RegularImmutableMap_CustomFieldSerializer.instantiate(SerializationStreamReader)",1,1,1
"com.google.common.collect.RegularImmutableMap_CustomFieldSerializer.serialize(SerializationStreamWriter,RegularImmutableMap<?, ?>)",1,1,1
"com.google.common.collect.RegularImmutableMultiset.EntrySet.createAsList()",1,1,1
"com.google.common.collect.RegularImmutableMultiset.EntrySet.iterator()",1,1,1
"com.google.common.collect.RegularImmutableMultiset.EntrySet.size()",1,1,1
"com.google.common.collect.RegularImmutableMultiset.RegularImmutableMultiset(ImmutableMap<E, Integer>,int)",1,1,1
"com.google.common.collect.RegularImmutableMultiset.contains(Object)",1,1,1
"com.google.common.collect.RegularImmutableMultiset.count(Object)",1,1,2
"com.google.common.collect.RegularImmutableMultiset.createEntrySet()",1,1,1
"com.google.common.collect.RegularImmutableMultiset.elementSet()",1,1,1
"com.google.common.collect.RegularImmutableMultiset.entryFromMapEntry(Entry<E, Integer>)",1,1,1
"com.google.common.collect.RegularImmutableMultiset.hashCode()",1,1,1
"com.google.common.collect.RegularImmutableMultiset.isPartialView()",1,1,1
"com.google.common.collect.RegularImmutableMultiset.size()",1,1,1
"com.google.common.collect.RegularImmutableMultiset_CustomFieldSerializer.deserialize(SerializationStreamReader,RegularImmutableMultiset<?>)",1,1,1
"com.google.common.collect.RegularImmutableMultiset_CustomFieldSerializer.instantiate(SerializationStreamReader)",1,1,1
"com.google.common.collect.RegularImmutableMultiset_CustomFieldSerializer.serialize(SerializationStreamWriter,RegularImmutableMultiset<?>)",1,1,1
"com.google.common.collect.RegularImmutableSet.RegularImmutableSet(Object[],int,Object[],int)",1,1,1
"com.google.common.collect.RegularImmutableSet.contains(Object)",5,2,5
"com.google.common.collect.RegularImmutableSet.hashCode()",1,1,1
"com.google.common.collect.RegularImmutableSet.isHashCodeFast()",1,1,1
"com.google.common.collect.RegularImmutableSet_CustomFieldSerializer.deserialize(SerializationStreamReader,RegularImmutableSet<?>)",1,1,1
"com.google.common.collect.RegularImmutableSet_CustomFieldSerializer.instantiate(SerializationStreamReader)",1,1,1
"com.google.common.collect.RegularImmutableSet_CustomFieldSerializer.serialize(SerializationStreamWriter,RegularImmutableSet<?>)",1,1,1
"com.google.common.collect.RegularImmutableSortedMap.EntrySet.createAsList()",1,1,1
"com.google.common.collect.RegularImmutableSortedMap.EntrySet.iterator()",1,1,1
"com.google.common.collect.RegularImmutableSortedMap.EntrySet.map()",1,1,1
"com.google.common.collect.RegularImmutableSortedMap.RegularImmutableSortedMap(RegularImmutableSortedSet<K>,ImmutableList<V>)",1,1,1
"com.google.common.collect.RegularImmutableSortedMap.RegularImmutableSortedMap(RegularImmutableSortedSet<K>,ImmutableList<V>,ImmutableSortedMap<K, V>)",1,1,1
"com.google.common.collect.RegularImmutableSortedMap.createDescendingMap()",1,1,1
"com.google.common.collect.RegularImmutableSortedMap.createEntrySet()",1,1,1
"com.google.common.collect.RegularImmutableSortedMap.get(Object)",1,2,2
"com.google.common.collect.RegularImmutableSortedMap.getSubMap(int,int)",3,4,4
"com.google.common.collect.RegularImmutableSortedMap.headMap(K,boolean)",1,1,1
"com.google.common.collect.RegularImmutableSortedMap.keySet()",1,1,1
"com.google.common.collect.RegularImmutableSortedMap.tailMap(K,boolean)",1,1,1
"com.google.common.collect.RegularImmutableSortedMap.values()",1,1,1
"com.google.common.collect.RegularImmutableSortedMap_CustomFieldSerializer.deserialize(SerializationStreamReader,RegularImmutableSortedMap<?, ?>)",1,1,1
"com.google.common.collect.RegularImmutableSortedMap_CustomFieldSerializer.instantiate(SerializationStreamReader)",1,1,1
"com.google.common.collect.RegularImmutableSortedMap_CustomFieldSerializer.serialize(SerializationStreamWriter,RegularImmutableSortedMap<?, ?>)",1,1,1
"com.google.common.collect.RegularImmutableSortedMultiset.EntrySet.createAsList()",1,1,1
"com.google.common.collect.RegularImmutableSortedMultiset.EntrySet.iterator()",1,1,1
"com.google.common.collect.RegularImmutableSortedMultiset.EntrySet.size()",1,1,1
"com.google.common.collect.RegularImmutableSortedMultiset.RegularImmutableSortedMultiset(RegularImmutableSortedSet<E>,int[],long[],int,int)",1,1,1
"com.google.common.collect.RegularImmutableSortedMultiset.count(Object)",1,1,2
"com.google.common.collect.RegularImmutableSortedMultiset.createEntrySet()",1,1,1
"com.google.common.collect.RegularImmutableSortedMultiset.elementSet()",1,1,1
"com.google.common.collect.RegularImmutableSortedMultiset.firstEntry()",1,1,1
"com.google.common.collect.RegularImmutableSortedMultiset.getEntry(int)",1,1,1
"com.google.common.collect.RegularImmutableSortedMultiset.getSubMultiset(int,int)",3,3,4
"com.google.common.collect.RegularImmutableSortedMultiset.headMultiset(E,BoundType)",1,1,1
"com.google.common.collect.RegularImmutableSortedMultiset.isPartialView()",1,1,2
"com.google.common.collect.RegularImmutableSortedMultiset.lastEntry()",1,1,1
"com.google.common.collect.RegularImmutableSortedMultiset.size()",1,1,1
"com.google.common.collect.RegularImmutableSortedMultiset.tailMultiset(E,BoundType)",1,1,1
"com.google.common.collect.RegularImmutableSortedSet.RegularImmutableSortedSet(ImmutableList<E>,Comparator<? super E>)",1,1,1
"com.google.common.collect.RegularImmutableSortedSet.contains(Object)",2,1,3
"com.google.common.collect.RegularImmutableSortedSet.containsAll(Collection<?>)",6,5,9
"com.google.common.collect.RegularImmutableSortedSet.createAsList()",1,1,1
"com.google.common.collect.RegularImmutableSortedSet.createDescendingSet()",1,1,1
"com.google.common.collect.RegularImmutableSortedSet.equals(Object)",7,4,10
"com.google.common.collect.RegularImmutableSortedSet.first()",1,1,1
"com.google.common.collect.RegularImmutableSortedSet.getSubSet(int,int)",3,4,4
"com.google.common.collect.RegularImmutableSortedSet.headIndex(E,boolean)",1,1,2
"com.google.common.collect.RegularImmutableSortedSet.headSetImpl(E,boolean)",1,1,1
"com.google.common.collect.RegularImmutableSortedSet.indexOf(Object)",2,1,4
"com.google.common.collect.RegularImmutableSortedSet.isEmpty()",1,1,1
"com.google.common.collect.RegularImmutableSortedSet.isPartialView()",1,1,1
"com.google.common.collect.RegularImmutableSortedSet.iterator()",1,1,1
"com.google.common.collect.RegularImmutableSortedSet.last()",1,1,1
"com.google.common.collect.RegularImmutableSortedSet.size()",1,1,1
"com.google.common.collect.RegularImmutableSortedSet.subSetImpl(E,boolean,E,boolean)",1,1,1
"com.google.common.collect.RegularImmutableSortedSet.tailIndex(E,boolean)",1,1,2
"com.google.common.collect.RegularImmutableSortedSet.tailSetImpl(E,boolean)",1,1,1
"com.google.common.collect.RegularImmutableSortedSet.toArray()",1,1,1
"com.google.common.collect.RegularImmutableSortedSet.toArray(T[])",1,1,1
"com.google.common.collect.RegularImmutableSortedSet.unsafeBinarySearch(Object)",1,1,1
"com.google.common.collect.RegularImmutableSortedSet.unsafeComparator()",1,1,1
"com.google.common.collect.RegularImmutableSortedSet_CustomFieldSerializer.deserialize(SerializationStreamReader,RegularImmutableSortedSet<?>)",1,1,1
"com.google.common.collect.RegularImmutableSortedSet_CustomFieldSerializer.instantiate(SerializationStreamReader)",1,1,1
"com.google.common.collect.RegularImmutableSortedSet_CustomFieldSerializer.serialize(SerializationStreamWriter,RegularImmutableSortedSet<?>)",1,1,1
"com.google.common.collect.RegularImmutableTable.DenseImmutableTable.Column.Column(int)",1,1,1
"com.google.common.collect.RegularImmutableTable.DenseImmutableTable.Column.getValue(int)",1,1,1
"com.google.common.collect.RegularImmutableTable.DenseImmutableTable.Column.isPartialView()",1,1,1
"com.google.common.collect.RegularImmutableTable.DenseImmutableTable.Column.keyToIndex()",1,1,1
"com.google.common.collect.RegularImmutableTable.DenseImmutableTable.ColumnMap.ColumnMap()",1,1,1
"com.google.common.collect.RegularImmutableTable.DenseImmutableTable.ColumnMap.getValue(int)",1,1,1
"com.google.common.collect.RegularImmutableTable.DenseImmutableTable.ColumnMap.isPartialView()",1,1,1
"com.google.common.collect.RegularImmutableTable.DenseImmutableTable.ColumnMap.keyToIndex()",1,1,1
"com.google.common.collect.RegularImmutableTable.DenseImmutableTable.DenseImmutableTable(ImmutableSet<Cell<R, C, V>>,ImmutableSet<R>,ImmutableSet<C>)",1,2,2
"com.google.common.collect.RegularImmutableTable.DenseImmutableTable.Row.Row(int)",1,1,1
"com.google.common.collect.RegularImmutableTable.DenseImmutableTable.Row.getValue(int)",1,1,1
"com.google.common.collect.RegularImmutableTable.DenseImmutableTable.Row.isPartialView()",1,1,1
"com.google.common.collect.RegularImmutableTable.DenseImmutableTable.Row.keyToIndex()",1,1,1
"com.google.common.collect.RegularImmutableTable.DenseImmutableTable.RowMap.RowMap()",1,1,1
"com.google.common.collect.RegularImmutableTable.DenseImmutableTable.RowMap.getValue(int)",1,1,1
"com.google.common.collect.RegularImmutableTable.DenseImmutableTable.RowMap.isPartialView()",1,1,1
"com.google.common.collect.RegularImmutableTable.DenseImmutableTable.RowMap.keyToIndex()",1,1,1
"com.google.common.collect.RegularImmutableTable.DenseImmutableTable.column(C)",2,2,2
"com.google.common.collect.RegularImmutableTable.DenseImmutableTable.columnKeySet()",1,1,1
"com.google.common.collect.RegularImmutableTable.DenseImmutableTable.columnMap()",1,1,1
"com.google.common.collect.RegularImmutableTable.DenseImmutableTable.contains(Object,Object)",1,1,1
"com.google.common.collect.RegularImmutableTable.DenseImmutableTable.containsColumn(Object)",1,1,1
"com.google.common.collect.RegularImmutableTable.DenseImmutableTable.containsRow(Object)",1,1,1
"com.google.common.collect.RegularImmutableTable.DenseImmutableTable.get(Object,Object)",1,1,3
"com.google.common.collect.RegularImmutableTable.DenseImmutableTable.makeIndex(ImmutableSet<E>)",1,2,2
"com.google.common.collect.RegularImmutableTable.DenseImmutableTable.row(R)",2,2,2
"com.google.common.collect.RegularImmutableTable.DenseImmutableTable.rowKeySet()",1,1,1
"com.google.common.collect.RegularImmutableTable.DenseImmutableTable.rowMap()",1,1,1
"com.google.common.collect.RegularImmutableTable.ImmutableArrayMap.ImmutableArrayMap(int)",1,1,1
"com.google.common.collect.RegularImmutableTable.ImmutableArrayMap.createEntrySet()",4,4,4
"com.google.common.collect.RegularImmutableTable.ImmutableArrayMap.createKeySet()",1,2,2
"com.google.common.collect.RegularImmutableTable.ImmutableArrayMap.get(Object)",1,2,2
"com.google.common.collect.RegularImmutableTable.ImmutableArrayMap.getKey(int)",1,1,1
"com.google.common.collect.RegularImmutableTable.ImmutableArrayMap.isFull()",1,1,1
"com.google.common.collect.RegularImmutableTable.ImmutableArrayMap.size()",1,1,1
"com.google.common.collect.RegularImmutableTable.RegularImmutableTable(ImmutableSet<Cell<R, C, V>>)",1,1,1
"com.google.common.collect.RegularImmutableTable.SparseImmutableTable.SparseImmutableTable(ImmutableSet<Cell<R, C, V>>,ImmutableSet<R>,ImmutableSet<C>)",1,2,2
"com.google.common.collect.RegularImmutableTable.SparseImmutableTable.buildIndex(Map<A, Builder<B, V>>)",1,1,1
"com.google.common.collect.RegularImmutableTable.SparseImmutableTable.column(C)",1,1,1
"com.google.common.collect.RegularImmutableTable.SparseImmutableTable.columnKeySet()",1,1,1
"com.google.common.collect.RegularImmutableTable.SparseImmutableTable.columnMap()",1,1,1
"com.google.common.collect.RegularImmutableTable.SparseImmutableTable.contains(Object,Object)",1,2,2
"com.google.common.collect.RegularImmutableTable.SparseImmutableTable.containsColumn(Object)",1,1,1
"com.google.common.collect.RegularImmutableTable.SparseImmutableTable.containsRow(Object)",1,1,1
"com.google.common.collect.RegularImmutableTable.SparseImmutableTable.get(Object,Object)",1,2,2
"com.google.common.collect.RegularImmutableTable.SparseImmutableTable.makeIndexBuilder(ImmutableSet<A>)",1,2,2
"com.google.common.collect.RegularImmutableTable.SparseImmutableTable.row(R)",1,1,1
"com.google.common.collect.RegularImmutableTable.SparseImmutableTable.rowKeySet()",1,1,1
"com.google.common.collect.RegularImmutableTable.SparseImmutableTable.rowMap()",1,1,1
"com.google.common.collect.RegularImmutableTable.cellSet()",1,1,1
"com.google.common.collect.RegularImmutableTable.containsValue(Object)",1,1,1
"com.google.common.collect.RegularImmutableTable.forCells(Iterable<Cell<R, C, V>>)",1,1,1
"com.google.common.collect.RegularImmutableTable.forCells(List<Cell<R, C, V>>,Comparator<? super R>,Comparator<? super C>)",2,4,6
"com.google.common.collect.RegularImmutableTable.forCellsInternal(Iterable<Cell<R, C, V>>,Comparator<? super R>,Comparator<? super C>)",1,4,5
"com.google.common.collect.RegularImmutableTable.getValueFunction()",1,1,1
"com.google.common.collect.RegularImmutableTable.isEmpty()",1,1,1
"com.google.common.collect.RegularImmutableTable.size()",1,1,1
"com.google.common.collect.RegularImmutableTable.values()",1,2,2
"com.google.common.collect.ReverseNaturalOrdering.ReverseNaturalOrdering()",1,1,1
"com.google.common.collect.ReverseNaturalOrdering.compare(Comparable,Comparable)",2,1,2
"com.google.common.collect.ReverseNaturalOrdering.max(E,E)",1,1,1
"com.google.common.collect.ReverseNaturalOrdering.max(E,E,E,E...)",1,1,1
"com.google.common.collect.ReverseNaturalOrdering.max(Iterable<E>)",1,1,1
"com.google.common.collect.ReverseNaturalOrdering.max(Iterator<E>)",1,1,1
"com.google.common.collect.ReverseNaturalOrdering.min(E,E)",1,1,1
"com.google.common.collect.ReverseNaturalOrdering.min(E,E,E,E...)",1,1,1
"com.google.common.collect.ReverseNaturalOrdering.min(Iterable<E>)",1,1,1
"com.google.common.collect.ReverseNaturalOrdering.min(Iterator<E>)",1,1,1
"com.google.common.collect.ReverseNaturalOrdering.readResolve()",1,1,1
"com.google.common.collect.ReverseNaturalOrdering.reverse()",1,1,1
"com.google.common.collect.ReverseNaturalOrdering.toString()",1,1,1
"com.google.common.collect.ReverseNaturalOrdering_CustomFieldSerializer.deserialize(SerializationStreamReader,ReverseNaturalOrdering)",1,1,1
"com.google.common.collect.ReverseNaturalOrdering_CustomFieldSerializer.instantiate(SerializationStreamReader)",1,1,1
"com.google.common.collect.ReverseNaturalOrdering_CustomFieldSerializer.serialize(SerializationStreamWriter,ReverseNaturalOrdering)",1,1,1
"com.google.common.collect.ReverseOrdering.ReverseOrdering(Ordering<? super T>)",1,1,1
"com.google.common.collect.ReverseOrdering.compare(T,T)",1,1,1
"com.google.common.collect.ReverseOrdering.equals(Object)",3,2,3
"com.google.common.collect.ReverseOrdering.hashCode()",1,1,1
"com.google.common.collect.ReverseOrdering.max(E,E)",1,1,1
"com.google.common.collect.ReverseOrdering.max(E,E,E,E...)",1,1,1
"com.google.common.collect.ReverseOrdering.max(Iterable<E>)",1,1,1
"com.google.common.collect.ReverseOrdering.max(Iterator<E>)",1,1,1
"com.google.common.collect.ReverseOrdering.min(E,E)",1,1,1
"com.google.common.collect.ReverseOrdering.min(E,E,E,E...)",1,1,1
"com.google.common.collect.ReverseOrdering.min(Iterable<E>)",1,1,1
"com.google.common.collect.ReverseOrdering.min(Iterator<E>)",1,1,1
"com.google.common.collect.ReverseOrdering.reverse()",1,1,1
"com.google.common.collect.ReverseOrdering.toString()",1,1,1
"com.google.common.collect.ReverseOrdering_CustomFieldSerializer.deserialize(SerializationStreamReader,ReverseOrdering<?>)",1,1,1
"com.google.common.collect.ReverseOrdering_CustomFieldSerializer.instantiate(SerializationStreamReader)",1,1,1
"com.google.common.collect.ReverseOrdering_CustomFieldSerializer.serialize(SerializationStreamWriter,ReverseOrdering<?>)",1,1,1
"com.google.common.collect.Serialization.FieldSetter.FieldSetter(Field)",1,1,1
"com.google.common.collect.Serialization.FieldSetter.set(T,Object)",1,1,2
"com.google.common.collect.Serialization.FieldSetter.set(T,int)",1,1,2
"com.google.common.collect.Serialization.Serialization()",1,1,1
"com.google.common.collect.Serialization.getFieldSetter(Class<T>,String)",1,1,2
"com.google.common.collect.Serialization.populateMap(Map<K, V>,ObjectInputStream)",1,1,1
"com.google.common.collect.Serialization.populateMap(Map<K, V>,ObjectInputStream,int)",1,2,2
"com.google.common.collect.Serialization.populateMultimap(Multimap<K, V>,ObjectInputStream)",1,1,1
"com.google.common.collect.Serialization.populateMultimap(Multimap<K, V>,ObjectInputStream,int)",1,3,3
"com.google.common.collect.Serialization.populateMultiset(Multiset<E>,ObjectInputStream)",1,1,1
"com.google.common.collect.Serialization.populateMultiset(Multiset<E>,ObjectInputStream,int)",1,2,2
"com.google.common.collect.Serialization.readCount(ObjectInputStream)",1,1,1
"com.google.common.collect.Serialization.writeMap(Map<K, V>,ObjectOutputStream)",1,2,2
"com.google.common.collect.Serialization.writeMultimap(Multimap<K, V>,ObjectOutputStream)",1,3,3
"com.google.common.collect.Serialization.writeMultiset(Multiset<E>,ObjectOutputStream)",1,2,2
"com.google.common.collect.Sets.CartesianSet.Axis.Axis(Set<? extends B>,int)",1,1,1
"com.google.common.collect.Sets.CartesianSet.Axis.contains(Object)",1,1,1
"com.google.common.collect.Sets.CartesianSet.Axis.equals(Object)",2,2,2
"com.google.common.collect.Sets.CartesianSet.Axis.getForIndex(int)",1,1,1
"com.google.common.collect.Sets.CartesianSet.Axis.hashCode()",1,1,1
"com.google.common.collect.Sets.CartesianSet.Axis.size()",1,1,1
"com.google.common.collect.Sets.CartesianSet.CartesianSet(List<? extends Set<? extends B>>)",1,2,3
"com.google.common.collect.Sets.CartesianSet.contains(Object)",5,2,5
"com.google.common.collect.Sets.CartesianSet.equals(Object)",2,2,2
"com.google.common.collect.Sets.CartesianSet.hashCode()",1,1,2
"com.google.common.collect.Sets.CartesianSet.iterator()",1,2,2
"com.google.common.collect.Sets.CartesianSet.size()",1,1,1
"com.google.common.collect.Sets.DescendingSet.DescendingSet(NavigableSet<E>)",1,1,1
"com.google.common.collect.Sets.DescendingSet.ceiling(E)",1,1,1
"com.google.common.collect.Sets.DescendingSet.comparator()",2,2,2
"com.google.common.collect.Sets.DescendingSet.delegate()",1,1,1
"com.google.common.collect.Sets.DescendingSet.descendingIterator()",1,1,1
"com.google.common.collect.Sets.DescendingSet.descendingSet()",1,1,1
"com.google.common.collect.Sets.DescendingSet.first()",1,1,1
"com.google.common.collect.Sets.DescendingSet.floor(E)",1,1,1
"com.google.common.collect.Sets.DescendingSet.headSet(E)",1,1,1
"com.google.common.collect.Sets.DescendingSet.headSet(E,boolean)",1,1,1
"com.google.common.collect.Sets.DescendingSet.higher(E)",1,1,1
"com.google.common.collect.Sets.DescendingSet.iterator()",1,1,1
"com.google.common.collect.Sets.DescendingSet.last()",1,1,1
"com.google.common.collect.Sets.DescendingSet.lower(E)",1,1,1
"com.google.common.collect.Sets.DescendingSet.pollFirst()",1,1,1
"com.google.common.collect.Sets.DescendingSet.pollLast()",1,1,1
"com.google.common.collect.Sets.DescendingSet.reverse(Comparator<T>)",1,1,1
"com.google.common.collect.Sets.DescendingSet.subSet(E,E)",1,1,1
"com.google.common.collect.Sets.DescendingSet.subSet(E,boolean,E,boolean)",1,1,1
"com.google.common.collect.Sets.DescendingSet.tailSet(E)",1,1,1
"com.google.common.collect.Sets.DescendingSet.tailSet(E,boolean)",1,1,1
"com.google.common.collect.Sets.DescendingSet.toArray()",1,1,1
"com.google.common.collect.Sets.DescendingSet.toArray(T[])",1,1,1
"com.google.common.collect.Sets.DescendingSet.toString()",1,1,1
"com.google.common.collect.Sets.FilteredSet.FilteredSet(Set<E>,Predicate<? super E>)",1,1,1
"com.google.common.collect.Sets.FilteredSet.equals(Object)",1,1,1
"com.google.common.collect.Sets.FilteredSet.hashCode()",1,1,1
"com.google.common.collect.Sets.FilteredSortedSet.FilteredSortedSet(SortedSet<E>,Predicate<? super E>)",1,1,1
"com.google.common.collect.Sets.FilteredSortedSet.comparator()",1,1,1
"com.google.common.collect.Sets.FilteredSortedSet.equals(Object)",1,1,1
"com.google.common.collect.Sets.FilteredSortedSet.first()",1,1,1
"com.google.common.collect.Sets.FilteredSortedSet.hashCode()",1,1,1
"com.google.common.collect.Sets.FilteredSortedSet.headSet(E)",1,1,1
"com.google.common.collect.Sets.FilteredSortedSet.last()",3,2,3
"com.google.common.collect.Sets.FilteredSortedSet.subSet(E,E)",1,1,1
"com.google.common.collect.Sets.FilteredSortedSet.tailSet(E)",1,1,1
"com.google.common.collect.Sets.ImprovedAbstractSet.removeAll(Collection<?>)",1,1,1
"com.google.common.collect.Sets.ImprovedAbstractSet.retainAll(Collection<?>)",1,1,1
"com.google.common.collect.Sets.PowerSet.BitFilteredSetIterator.BitFilteredSetIterator(ImmutableList<E>,int)",1,1,1
"com.google.common.collect.Sets.PowerSet.BitFilteredSetIterator.hasNext()",1,1,1
"com.google.common.collect.Sets.PowerSet.BitFilteredSetIterator.next()",2,1,2
"com.google.common.collect.Sets.PowerSet.PowerSet(ImmutableSet<E>)",1,1,1
"com.google.common.collect.Sets.PowerSet.contains(Object)",2,2,2
"com.google.common.collect.Sets.PowerSet.equals(Object)",2,2,2
"com.google.common.collect.Sets.PowerSet.hashCode()",1,1,1
"com.google.common.collect.Sets.PowerSet.isEmpty()",1,1,1
"com.google.common.collect.Sets.PowerSet.iterator()",1,1,1
"com.google.common.collect.Sets.PowerSet.size()",1,1,1
"com.google.common.collect.Sets.PowerSet.toString()",1,1,1
"com.google.common.collect.Sets.SetFromMap.SetFromMap(Map<E, Boolean>)",1,1,1
"com.google.common.collect.Sets.SetFromMap.add(E)",1,1,1
"com.google.common.collect.Sets.SetFromMap.clear()",1,1,1
"com.google.common.collect.Sets.SetFromMap.contains(Object)",1,1,1
"com.google.common.collect.Sets.SetFromMap.containsAll(Collection<?>)",1,1,1
"com.google.common.collect.Sets.SetFromMap.equals(Object)",1,2,2
"com.google.common.collect.Sets.SetFromMap.hashCode()",1,1,1
"com.google.common.collect.Sets.SetFromMap.isEmpty()",1,1,1
"com.google.common.collect.Sets.SetFromMap.iterator()",1,1,1
"com.google.common.collect.Sets.SetFromMap.readObject(ObjectInputStream)",1,1,1
"com.google.common.collect.Sets.SetFromMap.remove(Object)",1,1,1
"com.google.common.collect.Sets.SetFromMap.removeAll(Collection<?>)",1,1,1
"com.google.common.collect.Sets.SetFromMap.retainAll(Collection<?>)",1,1,1
"com.google.common.collect.Sets.SetFromMap.size()",1,1,1
"com.google.common.collect.Sets.SetFromMap.toArray()",1,1,1
"com.google.common.collect.Sets.SetFromMap.toArray(T[])",1,1,1
"com.google.common.collect.Sets.SetFromMap.toString()",1,1,1
"com.google.common.collect.Sets.SetView.SetView()",1,1,1
"com.google.common.collect.Sets.SetView.copyInto(S)",1,1,1
"com.google.common.collect.Sets.SetView.immutableCopy()",1,1,1
"com.google.common.collect.Sets.Sets()",1,1,1
"com.google.common.collect.Sets.UnmodifiableNavigableSet.UnmodifiableNavigableSet(NavigableSet<E>)",1,1,1
"com.google.common.collect.Sets.UnmodifiableNavigableSet.ceiling(E)",1,1,1
"com.google.common.collect.Sets.UnmodifiableNavigableSet.delegate()",1,1,1
"com.google.common.collect.Sets.UnmodifiableNavigableSet.descendingIterator()",1,1,1
"com.google.common.collect.Sets.UnmodifiableNavigableSet.descendingSet()",1,2,2
"com.google.common.collect.Sets.UnmodifiableNavigableSet.floor(E)",1,1,1
"com.google.common.collect.Sets.UnmodifiableNavigableSet.headSet(E,boolean)",1,1,1
"com.google.common.collect.Sets.UnmodifiableNavigableSet.higher(E)",1,1,1
"com.google.common.collect.Sets.UnmodifiableNavigableSet.lower(E)",1,1,1
"com.google.common.collect.Sets.UnmodifiableNavigableSet.pollFirst()",1,1,1
"com.google.common.collect.Sets.UnmodifiableNavigableSet.pollLast()",1,1,1
"com.google.common.collect.Sets.UnmodifiableNavigableSet.subSet(E,boolean,E,boolean)",1,1,1
"com.google.common.collect.Sets.UnmodifiableNavigableSet.tailSet(E,boolean)",1,1,1
"com.google.common.collect.Sets.cartesianProduct(List<? extends Set<? extends B>>)",3,3,3
"com.google.common.collect.Sets.cartesianProduct(Set<? extends B>...)",1,1,1
"com.google.common.collect.Sets.cast(Iterable<T>)",1,1,1
"com.google.common.collect.Sets.complementOf(Collection<E>)",2,2,2
"com.google.common.collect.Sets.complementOf(Collection<E>,Class<E>)",1,2,2
"com.google.common.collect.Sets.difference(Set<E>,Set<?>)",1,2,2
"com.google.common.collect.Sets.equalsImpl(Set<?>,Object)",3,3,6
"com.google.common.collect.Sets.filter(Set<E>,Predicate<? super E>)",3,3,3
"com.google.common.collect.Sets.filter(SortedSet<E>,Predicate<? super E>)",2,2,2
"com.google.common.collect.Sets.hashCodeImpl(Set<?>)",1,3,3
"com.google.common.collect.Sets.immutableEnumSet(E,E...)",1,1,1
"com.google.common.collect.Sets.immutableEnumSet(Iterable<E>)",3,4,4
"com.google.common.collect.Sets.intersection(Set<E>,Set<?>)",1,3,3
"com.google.common.collect.Sets.makeComplementByHand(Collection<E>,Class<E>)",1,1,1
"com.google.common.collect.Sets.newCopyOnWriteArraySet()",1,1,1
"com.google.common.collect.Sets.newCopyOnWriteArraySet(Iterable<? extends E>)",1,2,2
"com.google.common.collect.Sets.newEnumSet(Iterable<E>,Class<E>)",1,1,1
"com.google.common.collect.Sets.newHashSet()",1,1,1
"com.google.common.collect.Sets.newHashSet(E...)",1,1,1
"com.google.common.collect.Sets.newHashSet(Iterable<? extends E>)",1,2,2
"com.google.common.collect.Sets.newHashSet(Iterator<? extends E>)",1,2,2
"com.google.common.collect.Sets.newHashSetWithExpectedSize(int)",1,1,1
"com.google.common.collect.Sets.newIdentityHashSet()",1,1,1
"com.google.common.collect.Sets.newLinkedHashSet()",1,1,1
"com.google.common.collect.Sets.newLinkedHashSet(Iterable<? extends E>)",2,3,3
"com.google.common.collect.Sets.newLinkedHashSetWithExpectedSize(int)",1,1,1
"com.google.common.collect.Sets.newSetFromMap(Map<E, Boolean>)",1,1,1
"com.google.common.collect.Sets.newTreeSet()",1,1,1
"com.google.common.collect.Sets.newTreeSet(Comparator<? super E>)",1,1,1
"com.google.common.collect.Sets.newTreeSet(Iterable<? extends E>)",1,2,2
"com.google.common.collect.Sets.powerSet(Set<E>)",1,1,1
"com.google.common.collect.Sets.removeAllImpl(Set<?>,Collection<?>)",2,6,6
"com.google.common.collect.Sets.removeAllImpl(Set<?>,Iterator<?>)",1,2,2
"com.google.common.collect.Sets.symmetricDifference(Set<? extends E>,Set<? extends E>)",1,1,1
"com.google.common.collect.Sets.synchronizedNavigableSet(NavigableSet<E>)",1,1,1
"com.google.common.collect.Sets.union(Set<? extends E>,Set<? extends E>)",1,3,3
"com.google.common.collect.Sets.unmodifiableNavigableSet(NavigableSet<E>)",2,1,3
"com.google.common.collect.SingletonImmutableList.SingletonImmutableList(E)",1,1,1
"com.google.common.collect.SingletonImmutableList.contains(Object)",1,1,1
"com.google.common.collect.SingletonImmutableList.equals(Object)",3,3,4
"com.google.common.collect.SingletonImmutableList.get(int)",1,1,1
"com.google.common.collect.SingletonImmutableList.hashCode()",1,1,1
"com.google.common.collect.SingletonImmutableList.indexOf(Object)",1,1,2
"com.google.common.collect.SingletonImmutableList.isEmpty()",1,1,1
"com.google.common.collect.SingletonImmutableList.isPartialView()",1,1,1
"com.google.common.collect.SingletonImmutableList.iterator()",1,1,1
"com.google.common.collect.SingletonImmutableList.lastIndexOf(Object)",1,1,1
"com.google.common.collect.SingletonImmutableList.reverse()",1,1,1
"com.google.common.collect.SingletonImmutableList.size()",1,1,1
"com.google.common.collect.SingletonImmutableList.subList(int,int)",1,2,2
"com.google.common.collect.SingletonImmutableList.toArray()",1,1,1
"com.google.common.collect.SingletonImmutableList.toArray(T[])",1,2,3
"com.google.common.collect.SingletonImmutableList.toString()",1,1,1
"com.google.common.collect.SingletonImmutableList_CustomFieldSerializer.deserialize(SerializationStreamReader,SingletonImmutableList<?>)",1,1,1
"com.google.common.collect.SingletonImmutableList_CustomFieldSerializer.instantiate(SerializationStreamReader)",1,1,1
"com.google.common.collect.SingletonImmutableList_CustomFieldSerializer.serialize(SerializationStreamWriter,SingletonImmutableList<?>)",1,1,1
"com.google.common.collect.SingletonImmutableMap.SingletonImmutableMap(Entry<K, V>)",1,1,1
"com.google.common.collect.SingletonImmutableMap.SingletonImmutableMap(K,V)",1,1,1
"com.google.common.collect.SingletonImmutableMap.containsKey(Object)",1,1,1
"com.google.common.collect.SingletonImmutableMap.containsValue(Object)",1,1,1
"com.google.common.collect.SingletonImmutableMap.createEntrySet()",1,1,1
"com.google.common.collect.SingletonImmutableMap.createKeySet()",1,1,1
"com.google.common.collect.SingletonImmutableMap.createValues()",1,1,1
"com.google.common.collect.SingletonImmutableMap.equals(Object)",4,4,5
"com.google.common.collect.SingletonImmutableMap.get(Object)",1,1,2
"com.google.common.collect.SingletonImmutableMap.hashCode()",1,1,1
"com.google.common.collect.SingletonImmutableMap.isEmpty()",1,1,1
"com.google.common.collect.SingletonImmutableMap.isPartialView()",1,1,1
"com.google.common.collect.SingletonImmutableMap.size()",1,1,1
"com.google.common.collect.SingletonImmutableMap_CustomFieldSerializer.deserialize(SerializationStreamReader,SingletonImmutableMap<?, ?>)",1,1,1
"com.google.common.collect.SingletonImmutableMap_CustomFieldSerializer.instantiate(SerializationStreamReader)",1,1,1
"com.google.common.collect.SingletonImmutableMap_CustomFieldSerializer.serialize(SerializationStreamWriter,SingletonImmutableMap<?, ?>)",1,1,1
"com.google.common.collect.SingletonImmutableSet.SingletonImmutableSet(E)",1,1,1
"com.google.common.collect.SingletonImmutableSet.SingletonImmutableSet(E,int)",1,1,1
"com.google.common.collect.SingletonImmutableSet.contains(Object)",1,1,1
"com.google.common.collect.SingletonImmutableSet.equals(Object)",3,3,4
"com.google.common.collect.SingletonImmutableSet.hashCode()",1,2,2
"com.google.common.collect.SingletonImmutableSet.isEmpty()",1,1,1
"com.google.common.collect.SingletonImmutableSet.isHashCodeFast()",1,1,1
"com.google.common.collect.SingletonImmutableSet.isPartialView()",1,1,1
"com.google.common.collect.SingletonImmutableSet.iterator()",1,1,1
"com.google.common.collect.SingletonImmutableSet.size()",1,1,1
"com.google.common.collect.SingletonImmutableSet.toArray()",1,1,1
"com.google.common.collect.SingletonImmutableSet.toArray(T[])",1,2,3
"com.google.common.collect.SingletonImmutableSet.toString()",1,1,1
"com.google.common.collect.SingletonImmutableSet_CustomFieldSerializer.deserialize(SerializationStreamReader,SingletonImmutableSet<?>)",1,1,1
"com.google.common.collect.SingletonImmutableSet_CustomFieldSerializer.instantiate(SerializationStreamReader)",1,1,1
"com.google.common.collect.SingletonImmutableSet_CustomFieldSerializer.serialize(SerializationStreamWriter,SingletonImmutableSet<?>)",1,1,1
"com.google.common.collect.SingletonImmutableTable.SingletonImmutableTable(Cell<R, C, V>)",1,1,1
"com.google.common.collect.SingletonImmutableTable.SingletonImmutableTable(R,C,V)",1,1,1
"com.google.common.collect.SingletonImmutableTable.cellSet()",1,1,1
"com.google.common.collect.SingletonImmutableTable.column(C)",1,2,2
"com.google.common.collect.SingletonImmutableTable.columnKeySet()",1,1,1
"com.google.common.collect.SingletonImmutableTable.columnMap()",1,1,1
"com.google.common.collect.SingletonImmutableTable.contains(Object,Object)",1,2,2
"com.google.common.collect.SingletonImmutableTable.containsColumn(Object)",1,1,1
"com.google.common.collect.SingletonImmutableTable.containsRow(Object)",1,1,1
"com.google.common.collect.SingletonImmutableTable.containsValue(Object)",1,1,1
"com.google.common.collect.SingletonImmutableTable.equals(Object)",4,6,6
"com.google.common.collect.SingletonImmutableTable.get(Object,Object)",1,1,2
"com.google.common.collect.SingletonImmutableTable.hashCode()",1,1,1
"com.google.common.collect.SingletonImmutableTable.isEmpty()",1,1,1
"com.google.common.collect.SingletonImmutableTable.row(R)",1,2,2
"com.google.common.collect.SingletonImmutableTable.rowKeySet()",1,1,1
"com.google.common.collect.SingletonImmutableTable.rowMap()",1,1,1
"com.google.common.collect.SingletonImmutableTable.size()",1,1,1
"com.google.common.collect.SingletonImmutableTable.toString()",1,1,1
"com.google.common.collect.SingletonImmutableTable.values()",1,1,1
"com.google.common.collect.SortedIterables.SortedIterables()",1,1,1
"com.google.common.collect.SortedIterables.comparator(SortedSet<E>)",1,2,2
"com.google.common.collect.SortedIterables.hasSameComparator(Comparator<?>,Iterable<?>)",3,3,3
"com.google.common.collect.SortedLists.SortedLists()",1,1,1
"com.google.common.collect.SortedLists.binarySearch(List<? extends E>,E,Comparator<? super E>,KeyPresentBehavior,KeyAbsentBehavior)",4,5,5
"com.google.common.collect.SortedLists.binarySearch(List<? extends E>,E,KeyPresentBehavior,KeyAbsentBehavior)",1,1,1
"com.google.common.collect.SortedLists.binarySearch(List<E>,Function<? super E, K>,K,Comparator<? super K>,KeyPresentBehavior,KeyAbsentBehavior)",1,1,1
"com.google.common.collect.SortedLists.binarySearch(List<E>,Function<? super E, K>,K,KeyPresentBehavior,KeyAbsentBehavior)",1,1,1
"com.google.common.collect.SortedMultisets.DescendingMultiset.comparator()",2,2,2
"com.google.common.collect.SortedMultisets.DescendingMultiset.createEntrySet()",1,1,1
"com.google.common.collect.SortedMultisets.DescendingMultiset.delegate()",1,1,1
"com.google.common.collect.SortedMultisets.DescendingMultiset.descendingMultiset()",1,1,1
"com.google.common.collect.SortedMultisets.DescendingMultiset.elementSet()",2,1,2
"com.google.common.collect.SortedMultisets.DescendingMultiset.entrySet()",1,2,2
"com.google.common.collect.SortedMultisets.DescendingMultiset.firstEntry()",1,1,1
"com.google.common.collect.SortedMultisets.DescendingMultiset.headMultiset(E,BoundType)",1,1,1
"com.google.common.collect.SortedMultisets.DescendingMultiset.iterator()",1,1,1
"com.google.common.collect.SortedMultisets.DescendingMultiset.lastEntry()",1,1,1
"com.google.common.collect.SortedMultisets.DescendingMultiset.pollFirstEntry()",1,1,1
"com.google.common.collect.SortedMultisets.DescendingMultiset.pollLastEntry()",1,1,1
"com.google.common.collect.SortedMultisets.DescendingMultiset.subMultiset(E,BoundType,E,BoundType)",1,1,1
"com.google.common.collect.SortedMultisets.DescendingMultiset.tailMultiset(E,BoundType)",1,1,1
"com.google.common.collect.SortedMultisets.DescendingMultiset.toArray()",1,1,1
"com.google.common.collect.SortedMultisets.DescendingMultiset.toArray(T[])",1,1,1
"com.google.common.collect.SortedMultisets.DescendingMultiset.toString()",1,1,1
"com.google.common.collect.SortedMultisets.ElementSet.comparator()",1,1,1
"com.google.common.collect.SortedMultisets.ElementSet.first()",1,1,1
"com.google.common.collect.SortedMultisets.ElementSet.headSet(E)",1,1,1
"com.google.common.collect.SortedMultisets.ElementSet.last()",1,1,1
"com.google.common.collect.SortedMultisets.ElementSet.subSet(E,E)",1,1,1
"com.google.common.collect.SortedMultisets.ElementSet.tailSet(E)",1,1,1
"com.google.common.collect.SortedMultisets.SortedMultisets()",1,1,1
"com.google.common.collect.SortedMultisets.getElementOrThrow(Entry<E>)",2,1,2
"com.google.common.collect.StandardRowSortedTable.RowKeySortedSet.comparator()",1,1,1
"com.google.common.collect.StandardRowSortedTable.RowKeySortedSet.first()",1,1,1
"com.google.common.collect.StandardRowSortedTable.RowKeySortedSet.headSet(R)",1,1,1
"com.google.common.collect.StandardRowSortedTable.RowKeySortedSet.last()",1,1,1
"com.google.common.collect.StandardRowSortedTable.RowKeySortedSet.subSet(R,R)",1,1,1
"com.google.common.collect.StandardRowSortedTable.RowKeySortedSet.tailSet(R)",1,1,1
"com.google.common.collect.StandardRowSortedTable.RowSortedMap.comparator()",1,1,1
"com.google.common.collect.StandardRowSortedTable.RowSortedMap.firstKey()",1,1,1
"com.google.common.collect.StandardRowSortedTable.RowSortedMap.headMap(R)",1,1,1
"com.google.common.collect.StandardRowSortedTable.RowSortedMap.lastKey()",1,1,1
"com.google.common.collect.StandardRowSortedTable.RowSortedMap.subMap(R,R)",1,1,1
"com.google.common.collect.StandardRowSortedTable.RowSortedMap.tailMap(R)",1,1,1
"com.google.common.collect.StandardRowSortedTable.StandardRowSortedTable(SortedMap<R, Map<C, V>>,Supplier<? extends Map<C, V>>)",1,1,1
"com.google.common.collect.StandardRowSortedTable.rowKeySet()",1,1,2
"com.google.common.collect.StandardRowSortedTable.rowMap()",1,1,2
"com.google.common.collect.StandardRowSortedTable.sortedBackingMap()",1,1,1
"com.google.common.collect.StandardTable.CellIterator.hasNext()",1,2,2
"com.google.common.collect.StandardTable.CellIterator.next()",1,2,2
"com.google.common.collect.StandardTable.CellIterator.remove()",1,2,2
"com.google.common.collect.StandardTable.CellSet.contains(Object)",2,2,2
"com.google.common.collect.StandardTable.CellSet.iterator()",1,1,1
"com.google.common.collect.StandardTable.CellSet.remove(Object)",2,2,2
"com.google.common.collect.StandardTable.CellSet.size()",1,1,1
"com.google.common.collect.StandardTable.Column.Column(C)",1,1,1
"com.google.common.collect.StandardTable.Column.EntrySet.clear()",1,1,1
"com.google.common.collect.StandardTable.Column.EntrySet.contains(Object)",2,2,2
"com.google.common.collect.StandardTable.Column.EntrySet.isEmpty()",1,1,1
"com.google.common.collect.StandardTable.Column.EntrySet.iterator()",1,1,1
"com.google.common.collect.StandardTable.Column.EntrySet.remove(Object)",2,2,2
"com.google.common.collect.StandardTable.Column.EntrySet.retainAll(Collection<?>)",1,1,1
"com.google.common.collect.StandardTable.Column.EntrySet.size()",1,2,3
"com.google.common.collect.StandardTable.Column.EntrySetIterator.computeNext()",3,3,3
"com.google.common.collect.StandardTable.Column.KeySet.clear()",1,1,1
"com.google.common.collect.StandardTable.Column.KeySet.contains(Object)",1,1,1
"com.google.common.collect.StandardTable.Column.KeySet.isEmpty()",1,1,1
"com.google.common.collect.StandardTable.Column.KeySet.iterator()",1,1,1
"com.google.common.collect.StandardTable.Column.KeySet.remove(Object)",1,1,1
"com.google.common.collect.StandardTable.Column.KeySet.retainAll(Collection<?>)",1,1,1
"com.google.common.collect.StandardTable.Column.KeySet.size()",1,1,1
"com.google.common.collect.StandardTable.Column.Values.clear()",1,1,1
"com.google.common.collect.StandardTable.Column.Values.isEmpty()",1,1,1
"com.google.common.collect.StandardTable.Column.Values.iterator()",1,1,1
"com.google.common.collect.StandardTable.Column.Values.remove(Object)",4,4,5
"com.google.common.collect.StandardTable.Column.Values.removeAll(Collection<?>)",1,1,1
"com.google.common.collect.StandardTable.Column.Values.retainAll(Collection<?>)",1,1,1
"com.google.common.collect.StandardTable.Column.Values.size()",1,1,1
"com.google.common.collect.StandardTable.Column.containsKey(Object)",1,1,1
"com.google.common.collect.StandardTable.Column.createEntrySet()",1,1,1
"com.google.common.collect.StandardTable.Column.get(Object)",1,1,1
"com.google.common.collect.StandardTable.Column.keySet()",1,1,2
"com.google.common.collect.StandardTable.Column.put(R,V)",1,1,1
"com.google.common.collect.StandardTable.Column.remove(Object)",1,1,1
"com.google.common.collect.StandardTable.Column.removePredicate(Predicate<? super Entry<R, V>>)",1,5,5
"com.google.common.collect.StandardTable.Column.values()",1,1,2
"com.google.common.collect.StandardTable.ColumnKeyIterator.computeNext()",5,5,5
"com.google.common.collect.StandardTable.ColumnKeySet.contains(Object)",4,2,4
"com.google.common.collect.StandardTable.ColumnKeySet.iterator()",1,1,1
"com.google.common.collect.StandardTable.ColumnKeySet.remove(Object)",2,4,5
"com.google.common.collect.StandardTable.ColumnKeySet.removeAll(Collection<?>)",1,4,4
"com.google.common.collect.StandardTable.ColumnKeySet.retainAll(Collection<?>)",1,4,4
"com.google.common.collect.StandardTable.ColumnKeySet.size()",1,1,1
"com.google.common.collect.StandardTable.ColumnMap.ColumnMapEntrySet.contains(Object)",3,3,3
"com.google.common.collect.StandardTable.ColumnMap.ColumnMapEntrySet.iterator()",1,1,1
"com.google.common.collect.StandardTable.ColumnMap.ColumnMapEntrySet.remove(Object)",2,2,2
"com.google.common.collect.StandardTable.ColumnMap.ColumnMapEntrySet.removeAll(Collection<?>)",1,2,2
"com.google.common.collect.StandardTable.ColumnMap.ColumnMapEntrySet.retainAll(Collection<?>)",1,3,3
"com.google.common.collect.StandardTable.ColumnMap.ColumnMapEntrySet.size()",1,1,1
"com.google.common.collect.StandardTable.ColumnMap.ColumnMapValues.iterator()",1,1,1
"com.google.common.collect.StandardTable.ColumnMap.ColumnMapValues.remove(Object)",3,3,3
"com.google.common.collect.StandardTable.ColumnMap.ColumnMapValues.removeAll(Collection<?>)",1,3,3
"com.google.common.collect.StandardTable.ColumnMap.ColumnMapValues.retainAll(Collection<?>)",1,3,3
"com.google.common.collect.StandardTable.ColumnMap.ColumnMapValues.size()",1,1,1
"com.google.common.collect.StandardTable.ColumnMap.containsKey(Object)",1,1,1
"com.google.common.collect.StandardTable.ColumnMap.createEntrySet()",1,1,1
"com.google.common.collect.StandardTable.ColumnMap.get(Object)",1,2,2
"com.google.common.collect.StandardTable.ColumnMap.keySet()",1,1,1
"com.google.common.collect.StandardTable.ColumnMap.remove(Object)",1,2,2
"com.google.common.collect.StandardTable.ColumnMap.values()",1,1,2
"com.google.common.collect.StandardTable.Row.Row(R)",1,1,1
"com.google.common.collect.StandardTable.Row.RowEntrySet.iterator()",2,2,2
"com.google.common.collect.StandardTable.Row.RowEntrySet.map()",1,1,1
"com.google.common.collect.StandardTable.Row.RowEntrySet.size()",1,2,2
"com.google.common.collect.StandardTable.Row.backingRowMap()",1,4,4
"com.google.common.collect.StandardTable.Row.clear()",1,2,2
"com.google.common.collect.StandardTable.Row.computeBackingRowMap()",1,1,1
"com.google.common.collect.StandardTable.Row.containsKey(Object)",1,2,3
"com.google.common.collect.StandardTable.Row.entrySet()",2,1,2
"com.google.common.collect.StandardTable.Row.get(Object)",1,2,3
"com.google.common.collect.StandardTable.Row.keySet()",2,1,2
"com.google.common.collect.StandardTable.Row.maintainEmptyInvariant()",1,3,3
"com.google.common.collect.StandardTable.Row.put(C,V)",2,3,3
"com.google.common.collect.StandardTable.Row.remove(Object)",2,1,3
"com.google.common.collect.StandardTable.RowKeySet.contains(Object)",1,1,1
"com.google.common.collect.StandardTable.RowKeySet.iterator()",1,1,1
"com.google.common.collect.StandardTable.RowKeySet.remove(Object)",1,2,2
"com.google.common.collect.StandardTable.RowKeySet.size()",1,1,1
"com.google.common.collect.StandardTable.RowMap.EntrySet.contains(Object)",2,4,4
"com.google.common.collect.StandardTable.RowMap.EntrySet.iterator()",1,1,1
"com.google.common.collect.StandardTable.RowMap.EntrySet.remove(Object)",2,4,4
"com.google.common.collect.StandardTable.RowMap.EntrySet.size()",1,1,1
"com.google.common.collect.StandardTable.RowMap.containsKey(Object)",1,1,1
"com.google.common.collect.StandardTable.RowMap.createEntrySet()",1,1,1
"com.google.common.collect.StandardTable.RowMap.get(Object)",1,2,2
"com.google.common.collect.StandardTable.RowMap.keySet()",1,1,1
"com.google.common.collect.StandardTable.RowMap.remove(Object)",1,2,2
"com.google.common.collect.StandardTable.StandardTable(Map<R, Map<C, V>>,Supplier<? extends Map<C, V>>)",1,1,1
"com.google.common.collect.StandardTable.TableCollection.clear()",1,1,1
"com.google.common.collect.StandardTable.TableCollection.isEmpty()",1,1,1
"com.google.common.collect.StandardTable.TableSet.clear()",1,1,1
"com.google.common.collect.StandardTable.TableSet.isEmpty()",1,1,1
"com.google.common.collect.StandardTable.Values.iterator()",1,1,1
"com.google.common.collect.StandardTable.Values.size()",1,1,1
"com.google.common.collect.StandardTable.cellSet()",1,1,2
"com.google.common.collect.StandardTable.clear()",1,1,1
"com.google.common.collect.StandardTable.column(C)",1,1,1
"com.google.common.collect.StandardTable.columnKeySet()",1,1,2
"com.google.common.collect.StandardTable.columnMap()",1,1,2
"com.google.common.collect.StandardTable.contains(Object,Object)",2,2,4
"com.google.common.collect.StandardTable.containsColumn(Object)",4,2,4
"com.google.common.collect.StandardTable.containsMapping(Object,Object,Object)",1,2,2
"com.google.common.collect.StandardTable.containsRow(Object)",1,2,2
"com.google.common.collect.StandardTable.containsValue(Object)",4,2,4
"com.google.common.collect.StandardTable.createColumnKeyIterator()",1,1,1
"com.google.common.collect.StandardTable.equals(Object)",3,2,3
"com.google.common.collect.StandardTable.get(Object,Object)",2,2,4
"com.google.common.collect.StandardTable.getOrCreate(R)",1,2,2
"com.google.common.collect.StandardTable.hashCode()",1,1,1
"com.google.common.collect.StandardTable.isEmpty()",1,1,1
"com.google.common.collect.StandardTable.put(R,C,V)",1,1,1
"com.google.common.collect.StandardTable.putAll(Table<? extends R, ? extends C, ? extends V>)",1,2,2
"com.google.common.collect.StandardTable.remove(Object,Object)",3,2,5
"com.google.common.collect.StandardTable.removeColumn(Object)",1,4,4
"com.google.common.collect.StandardTable.removeMapping(Object,Object,Object)",2,2,2
"com.google.common.collect.StandardTable.row(R)",1,1,1
"com.google.common.collect.StandardTable.rowKeySet()",1,1,2
"com.google.common.collect.StandardTable.rowMap()",1,1,2
"com.google.common.collect.StandardTable.size()",1,2,2
"com.google.common.collect.StandardTable.toString()",1,1,1
"com.google.common.collect.StandardTable.values()",1,1,2
"com.google.common.collect.Synchronized.Synchronized()",1,1,1
"com.google.common.collect.Synchronized.SynchronizedAsMap.SynchronizedAsMap(Map<K, Collection<V>>,Object)",1,1,1
"com.google.common.collect.Synchronized.SynchronizedAsMap.containsValue(Object)",1,1,1
"com.google.common.collect.Synchronized.SynchronizedAsMap.entrySet()",1,2,2
"com.google.common.collect.Synchronized.SynchronizedAsMap.get(Object)",1,2,2
"com.google.common.collect.Synchronized.SynchronizedAsMap.values()",1,2,2
"com.google.common.collect.Synchronized.SynchronizedAsMapEntries.SynchronizedAsMapEntries(Set<Entry<K, Collection<V>>>,Object)",1,1,1
"com.google.common.collect.Synchronized.SynchronizedAsMapEntries.contains(Object)",1,1,1
"com.google.common.collect.Synchronized.SynchronizedAsMapEntries.containsAll(Collection<?>)",1,1,1
"com.google.common.collect.Synchronized.SynchronizedAsMapEntries.equals(Object)",2,1,2
"com.google.common.collect.Synchronized.SynchronizedAsMapEntries.iterator()",1,1,1
"com.google.common.collect.Synchronized.SynchronizedAsMapEntries.remove(Object)",1,1,1
"com.google.common.collect.Synchronized.SynchronizedAsMapEntries.removeAll(Collection<?>)",1,1,1
"com.google.common.collect.Synchronized.SynchronizedAsMapEntries.retainAll(Collection<?>)",1,1,1
"com.google.common.collect.Synchronized.SynchronizedAsMapEntries.toArray()",1,1,1
"com.google.common.collect.Synchronized.SynchronizedAsMapEntries.toArray(T[])",1,1,1
"com.google.common.collect.Synchronized.SynchronizedAsMapValues.SynchronizedAsMapValues(Collection<Collection<V>>,Object)",1,1,1
"com.google.common.collect.Synchronized.SynchronizedAsMapValues.iterator()",1,1,1
"com.google.common.collect.Synchronized.SynchronizedBiMap.SynchronizedBiMap(BiMap<K, V>,Object,BiMap<V, K>)",1,1,1
"com.google.common.collect.Synchronized.SynchronizedBiMap.delegate()",1,1,1
"com.google.common.collect.Synchronized.SynchronizedBiMap.forcePut(K,V)",1,1,1
"com.google.common.collect.Synchronized.SynchronizedBiMap.inverse()",1,2,2
"com.google.common.collect.Synchronized.SynchronizedBiMap.values()",1,2,2
"com.google.common.collect.Synchronized.SynchronizedCollection.SynchronizedCollection(Collection<E>,Object)",1,1,1
"com.google.common.collect.Synchronized.SynchronizedCollection.add(E)",1,1,1
"com.google.common.collect.Synchronized.SynchronizedCollection.addAll(Collection<? extends E>)",1,1,1
"com.google.common.collect.Synchronized.SynchronizedCollection.clear()",1,1,1
"com.google.common.collect.Synchronized.SynchronizedCollection.contains(Object)",1,1,1
"com.google.common.collect.Synchronized.SynchronizedCollection.containsAll(Collection<?>)",1,1,1
"com.google.common.collect.Synchronized.SynchronizedCollection.delegate()",1,1,1
"com.google.common.collect.Synchronized.SynchronizedCollection.isEmpty()",1,1,1
"com.google.common.collect.Synchronized.SynchronizedCollection.iterator()",1,1,1
"com.google.common.collect.Synchronized.SynchronizedCollection.remove(Object)",1,1,1
"com.google.common.collect.Synchronized.SynchronizedCollection.removeAll(Collection<?>)",1,1,1
"com.google.common.collect.Synchronized.SynchronizedCollection.retainAll(Collection<?>)",1,1,1
"com.google.common.collect.Synchronized.SynchronizedCollection.size()",1,1,1
"com.google.common.collect.Synchronized.SynchronizedCollection.toArray()",1,1,1
"com.google.common.collect.Synchronized.SynchronizedCollection.toArray(T[])",1,1,1
"com.google.common.collect.Synchronized.SynchronizedEntry.SynchronizedEntry(Entry<K, V>,Object)",1,1,1
"com.google.common.collect.Synchronized.SynchronizedEntry.delegate()",1,1,1
"com.google.common.collect.Synchronized.SynchronizedEntry.equals(Object)",1,1,1
"com.google.common.collect.Synchronized.SynchronizedEntry.getKey()",1,1,1
"com.google.common.collect.Synchronized.SynchronizedEntry.getValue()",1,1,1
"com.google.common.collect.Synchronized.SynchronizedEntry.hashCode()",1,1,1
"com.google.common.collect.Synchronized.SynchronizedEntry.setValue(V)",1,1,1
"com.google.common.collect.Synchronized.SynchronizedList.SynchronizedList(List<E>,Object)",1,1,1
"com.google.common.collect.Synchronized.SynchronizedList.add(int,E)",1,1,1
"com.google.common.collect.Synchronized.SynchronizedList.addAll(int,Collection<? extends E>)",1,1,1
"com.google.common.collect.Synchronized.SynchronizedList.delegate()",1,1,1
"com.google.common.collect.Synchronized.SynchronizedList.equals(Object)",2,1,2
"com.google.common.collect.Synchronized.SynchronizedList.get(int)",1,1,1
"com.google.common.collect.Synchronized.SynchronizedList.hashCode()",1,1,1
"com.google.common.collect.Synchronized.SynchronizedList.indexOf(Object)",1,1,1
"com.google.common.collect.Synchronized.SynchronizedList.lastIndexOf(Object)",1,1,1
"com.google.common.collect.Synchronized.SynchronizedList.listIterator()",1,1,1
"com.google.common.collect.Synchronized.SynchronizedList.listIterator(int)",1,1,1
"com.google.common.collect.Synchronized.SynchronizedList.remove(int)",1,1,1
"com.google.common.collect.Synchronized.SynchronizedList.set(int,E)",1,1,1
"com.google.common.collect.Synchronized.SynchronizedList.subList(int,int)",1,1,1
"com.google.common.collect.Synchronized.SynchronizedListMultimap.SynchronizedListMultimap(ListMultimap<K, V>,Object)",1,1,1
"com.google.common.collect.Synchronized.SynchronizedListMultimap.delegate()",1,1,1
"com.google.common.collect.Synchronized.SynchronizedListMultimap.get(K)",1,1,1
"com.google.common.collect.Synchronized.SynchronizedListMultimap.removeAll(Object)",1,1,1
"com.google.common.collect.Synchronized.SynchronizedListMultimap.replaceValues(K,Iterable<? extends V>)",1,1,1
"com.google.common.collect.Synchronized.SynchronizedMap.SynchronizedMap(Map<K, V>,Object)",1,1,1
"com.google.common.collect.Synchronized.SynchronizedMap.clear()",1,1,1
"com.google.common.collect.Synchronized.SynchronizedMap.containsKey(Object)",1,1,1
"com.google.common.collect.Synchronized.SynchronizedMap.containsValue(Object)",1,1,1
"com.google.common.collect.Synchronized.SynchronizedMap.delegate()",1,1,1
"com.google.common.collect.Synchronized.SynchronizedMap.entrySet()",1,2,2
"com.google.common.collect.Synchronized.SynchronizedMap.equals(Object)",2,1,2
"com.google.common.collect.Synchronized.SynchronizedMap.get(Object)",1,1,1
"com.google.common.collect.Synchronized.SynchronizedMap.hashCode()",1,1,1
"com.google.common.collect.Synchronized.SynchronizedMap.isEmpty()",1,1,1
"com.google.common.collect.Synchronized.SynchronizedMap.keySet()",1,2,2
"com.google.common.collect.Synchronized.SynchronizedMap.put(K,V)",1,1,1
"com.google.common.collect.Synchronized.SynchronizedMap.putAll(Map<? extends K, ? extends V>)",1,1,1
"com.google.common.collect.Synchronized.SynchronizedMap.remove(Object)",1,1,1
"com.google.common.collect.Synchronized.SynchronizedMap.size()",1,1,1
"com.google.common.collect.Synchronized.SynchronizedMap.values()",1,2,2
"com.google.common.collect.Synchronized.SynchronizedMultimap.SynchronizedMultimap(Multimap<K, V>,Object)",1,1,1
"com.google.common.collect.Synchronized.SynchronizedMultimap.asMap()",1,2,2
"com.google.common.collect.Synchronized.SynchronizedMultimap.clear()",1,1,1
"com.google.common.collect.Synchronized.SynchronizedMultimap.containsEntry(Object,Object)",1,1,1
"com.google.common.collect.Synchronized.SynchronizedMultimap.containsKey(Object)",1,1,1
"com.google.common.collect.Synchronized.SynchronizedMultimap.containsValue(Object)",1,1,1
"com.google.common.collect.Synchronized.SynchronizedMultimap.delegate()",1,1,1
"com.google.common.collect.Synchronized.SynchronizedMultimap.entries()",1,2,2
"com.google.common.collect.Synchronized.SynchronizedMultimap.equals(Object)",2,1,2
"com.google.common.collect.Synchronized.SynchronizedMultimap.get(K)",1,1,1
"com.google.common.collect.Synchronized.SynchronizedMultimap.hashCode()",1,1,1
"com.google.common.collect.Synchronized.SynchronizedMultimap.isEmpty()",1,1,1
"com.google.common.collect.Synchronized.SynchronizedMultimap.keySet()",1,2,2
"com.google.common.collect.Synchronized.SynchronizedMultimap.keys()",1,2,2
"com.google.common.collect.Synchronized.SynchronizedMultimap.put(K,V)",1,1,1
"com.google.common.collect.Synchronized.SynchronizedMultimap.putAll(K,Iterable<? extends V>)",1,1,1
"com.google.common.collect.Synchronized.SynchronizedMultimap.putAll(Multimap<? extends K, ? extends V>)",1,1,1
"com.google.common.collect.Synchronized.SynchronizedMultimap.remove(Object,Object)",1,1,1
"com.google.common.collect.Synchronized.SynchronizedMultimap.removeAll(Object)",1,1,1
"com.google.common.collect.Synchronized.SynchronizedMultimap.replaceValues(K,Iterable<? extends V>)",1,1,1
"com.google.common.collect.Synchronized.SynchronizedMultimap.size()",1,1,1
"com.google.common.collect.Synchronized.SynchronizedMultimap.values()",1,2,2
"com.google.common.collect.Synchronized.SynchronizedMultiset.SynchronizedMultiset(Multiset<E>,Object)",1,1,1
"com.google.common.collect.Synchronized.SynchronizedMultiset.add(E,int)",1,1,1
"com.google.common.collect.Synchronized.SynchronizedMultiset.count(Object)",1,1,1
"com.google.common.collect.Synchronized.SynchronizedMultiset.delegate()",1,1,1
"com.google.common.collect.Synchronized.SynchronizedMultiset.elementSet()",1,2,2
"com.google.common.collect.Synchronized.SynchronizedMultiset.entrySet()",1,2,2
"com.google.common.collect.Synchronized.SynchronizedMultiset.equals(Object)",2,1,2
"com.google.common.collect.Synchronized.SynchronizedMultiset.hashCode()",1,1,1
"com.google.common.collect.Synchronized.SynchronizedMultiset.remove(Object,int)",1,1,1
"com.google.common.collect.Synchronized.SynchronizedMultiset.setCount(E,int)",1,1,1
"com.google.common.collect.Synchronized.SynchronizedMultiset.setCount(E,int,int)",1,1,1
"com.google.common.collect.Synchronized.SynchronizedNavigableMap.SynchronizedNavigableMap(NavigableMap<K, V>,Object)",1,1,1
"com.google.common.collect.Synchronized.SynchronizedNavigableMap.ceilingEntry(K)",1,1,1
"com.google.common.collect.Synchronized.SynchronizedNavigableMap.ceilingKey(K)",1,1,1
"com.google.common.collect.Synchronized.SynchronizedNavigableMap.delegate()",1,1,1
"com.google.common.collect.Synchronized.SynchronizedNavigableMap.descendingKeySet()",2,2,2
"com.google.common.collect.Synchronized.SynchronizedNavigableMap.descendingMap()",2,2,2
"com.google.common.collect.Synchronized.SynchronizedNavigableMap.firstEntry()",1,1,1
"com.google.common.collect.Synchronized.SynchronizedNavigableMap.floorEntry(K)",1,1,1
"com.google.common.collect.Synchronized.SynchronizedNavigableMap.floorKey(K)",1,1,1
"com.google.common.collect.Synchronized.SynchronizedNavigableMap.headMap(K)",1,1,1
"com.google.common.collect.Synchronized.SynchronizedNavigableMap.headMap(K,boolean)",1,1,1
"com.google.common.collect.Synchronized.SynchronizedNavigableMap.higherEntry(K)",1,1,1
"com.google.common.collect.Synchronized.SynchronizedNavigableMap.higherKey(K)",1,1,1
"com.google.common.collect.Synchronized.SynchronizedNavigableMap.keySet()",1,1,1
"com.google.common.collect.Synchronized.SynchronizedNavigableMap.lastEntry()",1,1,1
"com.google.common.collect.Synchronized.SynchronizedNavigableMap.lowerEntry(K)",1,1,1
"com.google.common.collect.Synchronized.SynchronizedNavigableMap.lowerKey(K)",1,1,1
"com.google.common.collect.Synchronized.SynchronizedNavigableMap.navigableKeySet()",2,2,2
"com.google.common.collect.Synchronized.SynchronizedNavigableMap.pollFirstEntry()",1,1,1
"com.google.common.collect.Synchronized.SynchronizedNavigableMap.pollLastEntry()",1,1,1
"com.google.common.collect.Synchronized.SynchronizedNavigableMap.subMap(K,K)",1,1,1
"com.google.common.collect.Synchronized.SynchronizedNavigableMap.subMap(K,boolean,K,boolean)",1,1,1
"com.google.common.collect.Synchronized.SynchronizedNavigableMap.tailMap(K)",1,1,1
"com.google.common.collect.Synchronized.SynchronizedNavigableMap.tailMap(K,boolean)",1,1,1
"com.google.common.collect.Synchronized.SynchronizedNavigableSet.SynchronizedNavigableSet(NavigableSet<E>,Object)",1,1,1
"com.google.common.collect.Synchronized.SynchronizedNavigableSet.ceiling(E)",1,1,1
"com.google.common.collect.Synchronized.SynchronizedNavigableSet.delegate()",1,1,1
"com.google.common.collect.Synchronized.SynchronizedNavigableSet.descendingIterator()",1,1,1
"com.google.common.collect.Synchronized.SynchronizedNavigableSet.descendingSet()",2,2,2
"com.google.common.collect.Synchronized.SynchronizedNavigableSet.floor(E)",1,1,1
"com.google.common.collect.Synchronized.SynchronizedNavigableSet.headSet(E)",1,1,1
"com.google.common.collect.Synchronized.SynchronizedNavigableSet.headSet(E,boolean)",1,1,1
"com.google.common.collect.Synchronized.SynchronizedNavigableSet.higher(E)",1,1,1
"com.google.common.collect.Synchronized.SynchronizedNavigableSet.lower(E)",1,1,1
"com.google.common.collect.Synchronized.SynchronizedNavigableSet.pollFirst()",1,1,1
"com.google.common.collect.Synchronized.SynchronizedNavigableSet.pollLast()",1,1,1
"com.google.common.collect.Synchronized.SynchronizedNavigableSet.subSet(E,E)",1,1,1
"com.google.common.collect.Synchronized.SynchronizedNavigableSet.subSet(E,boolean,E,boolean)",1,1,1
"com.google.common.collect.Synchronized.SynchronizedNavigableSet.tailSet(E)",1,1,1
"com.google.common.collect.Synchronized.SynchronizedNavigableSet.tailSet(E,boolean)",1,1,1
"com.google.common.collect.Synchronized.SynchronizedObject.SynchronizedObject(Object,Object)",1,1,2
"com.google.common.collect.Synchronized.SynchronizedObject.delegate()",1,1,1
"com.google.common.collect.Synchronized.SynchronizedObject.toString()",1,1,1
"com.google.common.collect.Synchronized.SynchronizedObject.writeObject(ObjectOutputStream)",1,1,1
"com.google.common.collect.Synchronized.SynchronizedQueue.SynchronizedQueue(Queue<E>,Object)",1,1,1
"com.google.common.collect.Synchronized.SynchronizedQueue.delegate()",1,1,1
"com.google.common.collect.Synchronized.SynchronizedQueue.element()",1,1,1
"com.google.common.collect.Synchronized.SynchronizedQueue.offer(E)",1,1,1
"com.google.common.collect.Synchronized.SynchronizedQueue.peek()",1,1,1
"com.google.common.collect.Synchronized.SynchronizedQueue.poll()",1,1,1
"com.google.common.collect.Synchronized.SynchronizedQueue.remove()",1,1,1
"com.google.common.collect.Synchronized.SynchronizedRandomAccessList.SynchronizedRandomAccessList(List<E>,Object)",1,1,1
"com.google.common.collect.Synchronized.SynchronizedSet.SynchronizedSet(Set<E>,Object)",1,1,1
"com.google.common.collect.Synchronized.SynchronizedSet.delegate()",1,1,1
"com.google.common.collect.Synchronized.SynchronizedSet.equals(Object)",2,1,2
"com.google.common.collect.Synchronized.SynchronizedSet.hashCode()",1,1,1
"com.google.common.collect.Synchronized.SynchronizedSetMultimap.SynchronizedSetMultimap(SetMultimap<K, V>,Object)",1,1,1
"com.google.common.collect.Synchronized.SynchronizedSetMultimap.delegate()",1,1,1
"com.google.common.collect.Synchronized.SynchronizedSetMultimap.entries()",1,2,2
"com.google.common.collect.Synchronized.SynchronizedSetMultimap.get(K)",1,1,1
"com.google.common.collect.Synchronized.SynchronizedSetMultimap.removeAll(Object)",1,1,1
"com.google.common.collect.Synchronized.SynchronizedSetMultimap.replaceValues(K,Iterable<? extends V>)",1,1,1
"com.google.common.collect.Synchronized.SynchronizedSortedMap.SynchronizedSortedMap(SortedMap<K, V>,Object)",1,1,1
"com.google.common.collect.Synchronized.SynchronizedSortedMap.comparator()",1,1,1
"com.google.common.collect.Synchronized.SynchronizedSortedMap.delegate()",1,1,1
"com.google.common.collect.Synchronized.SynchronizedSortedMap.firstKey()",1,1,1
"com.google.common.collect.Synchronized.SynchronizedSortedMap.headMap(K)",1,1,1
"com.google.common.collect.Synchronized.SynchronizedSortedMap.lastKey()",1,1,1
"com.google.common.collect.Synchronized.SynchronizedSortedMap.subMap(K,K)",1,1,1
"com.google.common.collect.Synchronized.SynchronizedSortedMap.tailMap(K)",1,1,1
"com.google.common.collect.Synchronized.SynchronizedSortedSet.SynchronizedSortedSet(SortedSet<E>,Object)",1,1,1
"com.google.common.collect.Synchronized.SynchronizedSortedSet.comparator()",1,1,1
"com.google.common.collect.Synchronized.SynchronizedSortedSet.delegate()",1,1,1
"com.google.common.collect.Synchronized.SynchronizedSortedSet.first()",1,1,1
"com.google.common.collect.Synchronized.SynchronizedSortedSet.headSet(E)",1,1,1
"com.google.common.collect.Synchronized.SynchronizedSortedSet.last()",1,1,1
"com.google.common.collect.Synchronized.SynchronizedSortedSet.subSet(E,E)",1,1,1
"com.google.common.collect.Synchronized.SynchronizedSortedSet.tailSet(E)",1,1,1
"com.google.common.collect.Synchronized.SynchronizedSortedSetMultimap.SynchronizedSortedSetMultimap(SortedSetMultimap<K, V>,Object)",1,1,1
"com.google.common.collect.Synchronized.SynchronizedSortedSetMultimap.delegate()",1,1,1
"com.google.common.collect.Synchronized.SynchronizedSortedSetMultimap.get(K)",1,1,1
"com.google.common.collect.Synchronized.SynchronizedSortedSetMultimap.removeAll(Object)",1,1,1
"com.google.common.collect.Synchronized.SynchronizedSortedSetMultimap.replaceValues(K,Iterable<? extends V>)",1,1,1
"com.google.common.collect.Synchronized.SynchronizedSortedSetMultimap.valueComparator()",1,1,1
"com.google.common.collect.Synchronized.biMap(BiMap<K, V>,Object)",2,1,3
"com.google.common.collect.Synchronized.collection(Collection<E>,Object)",1,1,1
"com.google.common.collect.Synchronized.list(List<E>,Object)",1,1,2
"com.google.common.collect.Synchronized.listMultimap(ListMultimap<K, V>,Object)",2,1,3
"com.google.common.collect.Synchronized.map(Map<K, V>,Object)",1,1,1
"com.google.common.collect.Synchronized.multimap(Multimap<K, V>,Object)",2,1,3
"com.google.common.collect.Synchronized.multiset(Multiset<E>,Object)",2,1,3
"com.google.common.collect.Synchronized.navigableMap(NavigableMap<K, V>)",1,1,1
"com.google.common.collect.Synchronized.navigableMap(NavigableMap<K, V>,Object)",1,1,1
"com.google.common.collect.Synchronized.navigableSet(NavigableSet<E>)",1,1,1
"com.google.common.collect.Synchronized.navigableSet(NavigableSet<E>,Object)",1,1,1
"com.google.common.collect.Synchronized.nullableSynchronizedEntry(Entry<K, V>,Object)",2,1,2
"com.google.common.collect.Synchronized.queue(Queue<E>,Object)",1,1,2
"com.google.common.collect.Synchronized.set(Set<E>,Object)",1,1,1
"com.google.common.collect.Synchronized.setMultimap(SetMultimap<K, V>,Object)",2,1,3
"com.google.common.collect.Synchronized.sortedMap(SortedMap<K, V>,Object)",1,1,1
"com.google.common.collect.Synchronized.sortedSet(SortedSet<E>,Object)",1,1,1
"com.google.common.collect.Synchronized.sortedSetMultimap(SortedSetMultimap<K, V>,Object)",2,1,2
"com.google.common.collect.Synchronized.typePreservingCollection(Collection<E>,Object)",4,4,4
"com.google.common.collect.Synchronized.typePreservingSet(Set<E>,Object)",2,2,2
"com.google.common.collect.Tables.AbstractCell.AbstractCell()",1,1,1
"com.google.common.collect.Tables.AbstractCell.equals(Object)",3,4,5
"com.google.common.collect.Tables.AbstractCell.hashCode()",1,1,1
"com.google.common.collect.Tables.AbstractCell.toString()",1,1,1
"com.google.common.collect.Tables.ImmutableCell.ImmutableCell(R,C,V)",1,1,1
"com.google.common.collect.Tables.ImmutableCell.getColumnKey()",1,1,1
"com.google.common.collect.Tables.ImmutableCell.getRowKey()",1,1,1
"com.google.common.collect.Tables.ImmutableCell.getValue()",1,1,1
"com.google.common.collect.Tables.Tables()",1,1,1
"com.google.common.collect.Tables.TransformedTable.CellSet.CellSet()",1,1,1
"com.google.common.collect.Tables.TransformedTable.CellSet.contains(Object)",3,3,4
"com.google.common.collect.Tables.TransformedTable.CellSet.equals(Object)",1,1,1
"com.google.common.collect.Tables.TransformedTable.CellSet.hashCode()",1,1,1
"com.google.common.collect.Tables.TransformedTable.CellSet.remove(Object)",2,2,2
"com.google.common.collect.Tables.TransformedTable.TransformedTable(Table<R, C, V1>,Function<? super V1, V2>)",1,1,1
"com.google.common.collect.Tables.TransformedTable.cellFunction()",1,1,1
"com.google.common.collect.Tables.TransformedTable.cellSet()",1,1,2
"com.google.common.collect.Tables.TransformedTable.clear()",1,1,1
"com.google.common.collect.Tables.TransformedTable.column(C)",1,1,1
"com.google.common.collect.Tables.TransformedTable.columnKeySet()",1,1,1
"com.google.common.collect.Tables.TransformedTable.columnMap()",1,2,2
"com.google.common.collect.Tables.TransformedTable.contains(Object,Object)",1,1,1
"com.google.common.collect.Tables.TransformedTable.containsColumn(Object)",1,1,1
"com.google.common.collect.Tables.TransformedTable.containsRow(Object)",1,1,1
"com.google.common.collect.Tables.TransformedTable.containsValue(Object)",1,1,1
"com.google.common.collect.Tables.TransformedTable.createColumnMap()",1,1,1
"com.google.common.collect.Tables.TransformedTable.createRowMap()",1,1,1
"com.google.common.collect.Tables.TransformedTable.equals(Object)",3,2,3
"com.google.common.collect.Tables.TransformedTable.get(Object,Object)",1,2,2
"com.google.common.collect.Tables.TransformedTable.hashCode()",1,1,1
"com.google.common.collect.Tables.TransformedTable.isEmpty()",1,1,1
"com.google.common.collect.Tables.TransformedTable.put(R,C,V2)",1,1,1
"com.google.common.collect.Tables.TransformedTable.putAll(Table<? extends R, ? extends C, ? extends V2>)",1,1,1
"com.google.common.collect.Tables.TransformedTable.remove(Object,Object)",1,2,2
"com.google.common.collect.Tables.TransformedTable.row(R)",1,1,1
"com.google.common.collect.Tables.TransformedTable.rowKeySet()",1,1,1
"com.google.common.collect.Tables.TransformedTable.rowMap()",1,2,2
"com.google.common.collect.Tables.TransformedTable.size()",1,1,1
"com.google.common.collect.Tables.TransformedTable.toString()",1,1,1
"com.google.common.collect.Tables.TransformedTable.values()",1,2,2
"com.google.common.collect.Tables.TransposeTable.CellSet.CellSet()",1,1,1
"com.google.common.collect.Tables.TransposeTable.CellSet.contains(Object)",2,2,2
"com.google.common.collect.Tables.TransposeTable.CellSet.equals(Object)",4,1,4
"com.google.common.collect.Tables.TransposeTable.CellSet.hashCode()",1,1,1
"com.google.common.collect.Tables.TransposeTable.CellSet.remove(Object)",2,2,2
"com.google.common.collect.Tables.TransposeTable.TransposeTable(Table<R, C, V>)",1,1,1
"com.google.common.collect.Tables.TransposeTable.cellSet()",1,1,2
"com.google.common.collect.Tables.TransposeTable.clear()",1,1,1
"com.google.common.collect.Tables.TransposeTable.column(R)",1,1,1
"com.google.common.collect.Tables.TransposeTable.columnKeySet()",1,1,1
"com.google.common.collect.Tables.TransposeTable.columnMap()",1,1,1
"com.google.common.collect.Tables.TransposeTable.contains(Object,Object)",1,1,1
"com.google.common.collect.Tables.TransposeTable.containsColumn(Object)",1,1,1
"com.google.common.collect.Tables.TransposeTable.containsRow(Object)",1,1,1
"com.google.common.collect.Tables.TransposeTable.containsValue(Object)",1,1,1
"com.google.common.collect.Tables.TransposeTable.equals(Object)",3,2,3
"com.google.common.collect.Tables.TransposeTable.get(Object,Object)",1,1,1
"com.google.common.collect.Tables.TransposeTable.hashCode()",1,1,1
"com.google.common.collect.Tables.TransposeTable.isEmpty()",1,1,1
"com.google.common.collect.Tables.TransposeTable.put(C,R,V)",1,1,1
"com.google.common.collect.Tables.TransposeTable.putAll(Table<? extends C, ? extends R, ? extends V>)",1,1,1
"com.google.common.collect.Tables.TransposeTable.remove(Object,Object)",1,1,1
"com.google.common.collect.Tables.TransposeTable.row(C)",1,1,1
"com.google.common.collect.Tables.TransposeTable.rowKeySet()",1,1,1
"com.google.common.collect.Tables.TransposeTable.rowMap()",1,1,1
"com.google.common.collect.Tables.TransposeTable.size()",1,1,1
"com.google.common.collect.Tables.TransposeTable.toString()",1,1,1
"com.google.common.collect.Tables.TransposeTable.values()",1,1,1
"com.google.common.collect.Tables.UnmodifiableRowSortedMap.UnmodifiableRowSortedMap(RowSortedTable<R, ? extends C, ? extends V>)",1,1,1
"com.google.common.collect.Tables.UnmodifiableRowSortedMap.delegate()",1,1,1
"com.google.common.collect.Tables.UnmodifiableRowSortedMap.rowKeySet()",1,1,1
"com.google.common.collect.Tables.UnmodifiableRowSortedMap.rowMap()",1,1,1
"com.google.common.collect.Tables.UnmodifiableTable.UnmodifiableTable(Table<? extends R, ? extends C, ? extends V>)",1,1,1
"com.google.common.collect.Tables.UnmodifiableTable.cellSet()",1,1,1
"com.google.common.collect.Tables.UnmodifiableTable.clear()",1,1,1
"com.google.common.collect.Tables.UnmodifiableTable.column(C)",1,1,1
"com.google.common.collect.Tables.UnmodifiableTable.columnKeySet()",1,1,1
"com.google.common.collect.Tables.UnmodifiableTable.columnMap()",1,1,1
"com.google.common.collect.Tables.UnmodifiableTable.delegate()",1,1,1
"com.google.common.collect.Tables.UnmodifiableTable.put(R,C,V)",1,1,1
"com.google.common.collect.Tables.UnmodifiableTable.putAll(Table<? extends R, ? extends C, ? extends V>)",1,1,1
"com.google.common.collect.Tables.UnmodifiableTable.remove(Object,Object)",1,1,1
"com.google.common.collect.Tables.UnmodifiableTable.row(R)",1,1,1
"com.google.common.collect.Tables.UnmodifiableTable.rowKeySet()",1,1,1
"com.google.common.collect.Tables.UnmodifiableTable.rowMap()",1,1,1
"com.google.common.collect.Tables.UnmodifiableTable.values()",1,1,1
"com.google.common.collect.Tables.immutableCell(R,C,V)",1,1,1
"com.google.common.collect.Tables.newCustomTable(Map<R, Map<C, V>>,Supplier<? extends Map<C, V>>)",1,1,1
"com.google.common.collect.Tables.transformValues(Table<R, C, V1>,Function<? super V1, V2>)",1,1,1
"com.google.common.collect.Tables.transpose(Table<R, C, V>)",1,1,2
"com.google.common.collect.Tables.unmodifiableRowSortedTable(RowSortedTable<R, ? extends C, ? extends V>)",1,1,1
"com.google.common.collect.Tables.unmodifiableTable(Table<? extends R, ? extends C, ? extends V>)",1,1,1
"com.google.common.collect.Tables.unmodifiableWrapper()",1,1,1
"com.google.common.collect.TransformedImmutableSet.TransformedImmutableSet(ImmutableCollection<D>)",1,1,1
"com.google.common.collect.TransformedImmutableSet.TransformedImmutableSet(ImmutableCollection<D>,int)",1,1,1
"com.google.common.collect.TransformedImmutableSet.hashCode()",1,1,1
"com.google.common.collect.TransformedImmutableSet.isEmpty()",1,1,1
"com.google.common.collect.TransformedImmutableSet.isHashCodeFast()",1,1,1
"com.google.common.collect.TransformedImmutableSet.iterator()",1,1,1
"com.google.common.collect.TransformedImmutableSet.size()",1,1,1
"com.google.common.collect.TransformedImmutableSet.toArray()",1,1,1
"com.google.common.collect.TransformedImmutableSet.toArray(T[])",1,1,1
"com.google.common.collect.TransformedIterator.TransformedIterator(Iterator<? extends F>)",1,1,1
"com.google.common.collect.TransformedIterator.hasNext()",1,1,1
"com.google.common.collect.TransformedIterator.next()",1,1,1
"com.google.common.collect.TransformedIterator.remove()",1,1,1
"com.google.common.collect.TransformedListIterator.TransformedListIterator(ListIterator<? extends F>)",1,1,1
"com.google.common.collect.TransformedListIterator.add(T)",1,1,1
"com.google.common.collect.TransformedListIterator.backingIterator()",1,1,1
"com.google.common.collect.TransformedListIterator.hasPrevious()",1,1,1
"com.google.common.collect.TransformedListIterator.nextIndex()",1,1,1
"com.google.common.collect.TransformedListIterator.previous()",1,1,1
"com.google.common.collect.TransformedListIterator.previousIndex()",1,1,1
"com.google.common.collect.TransformedListIterator.set(T)",1,1,1
"com.google.common.collect.TreeBasedTable.Factory.Factory(Comparator<? super C>)",1,1,1
"com.google.common.collect.TreeBasedTable.Factory.get()",1,1,1
"com.google.common.collect.TreeBasedTable.TreeBasedTable(Comparator<? super R>,Comparator<? super C>)",1,1,1
"com.google.common.collect.TreeBasedTable.TreeRow.TreeRow(R)",1,1,1
"com.google.common.collect.TreeBasedTable.TreeRow.TreeRow(R,C,C)",1,3,3
"com.google.common.collect.TreeBasedTable.TreeRow.backingRowMap()",1,1,1
"com.google.common.collect.TreeBasedTable.TreeRow.comparator()",1,1,1
"com.google.common.collect.TreeBasedTable.TreeRow.compare(Object,Object)",1,1,1
"com.google.common.collect.TreeBasedTable.TreeRow.computeBackingRowMap()",2,4,4
"com.google.common.collect.TreeBasedTable.TreeRow.containsKey(Object)",1,2,2
"com.google.common.collect.TreeBasedTable.TreeRow.firstKey()",2,1,2
"com.google.common.collect.TreeBasedTable.TreeRow.headMap(C)",1,1,1
"com.google.common.collect.TreeBasedTable.TreeRow.lastKey()",2,1,2
"com.google.common.collect.TreeBasedTable.TreeRow.maintainEmptyInvariant()",1,3,3
"com.google.common.collect.TreeBasedTable.TreeRow.put(C,V)",1,1,1
"com.google.common.collect.TreeBasedTable.TreeRow.rangeContains(Object)",1,5,5
"com.google.common.collect.TreeBasedTable.TreeRow.subMap(C,C)",1,2,2
"com.google.common.collect.TreeBasedTable.TreeRow.tailMap(C)",1,1,1
"com.google.common.collect.TreeBasedTable.TreeRow.wholeRow()",1,4,4
"com.google.common.collect.TreeBasedTable.columnComparator()",1,1,1
"com.google.common.collect.TreeBasedTable.contains(Object,Object)",1,1,1
"com.google.common.collect.TreeBasedTable.containsColumn(Object)",1,1,1
"com.google.common.collect.TreeBasedTable.containsRow(Object)",1,1,1
"com.google.common.collect.TreeBasedTable.containsValue(Object)",1,1,1
"com.google.common.collect.TreeBasedTable.create()",1,1,1
"com.google.common.collect.TreeBasedTable.create(Comparator<? super R>,Comparator<? super C>)",1,1,1
"com.google.common.collect.TreeBasedTable.create(TreeBasedTable<R, C, ? extends V>)",1,1,1
"com.google.common.collect.TreeBasedTable.createColumnKeyIterator()",3,3,4
"com.google.common.collect.TreeBasedTable.equals(Object)",1,1,1
"com.google.common.collect.TreeBasedTable.get(Object,Object)",1,1,1
"com.google.common.collect.TreeBasedTable.remove(Object,Object)",1,1,1
"com.google.common.collect.TreeBasedTable.row(R)",1,1,1
"com.google.common.collect.TreeBasedTable.rowComparator()",1,1,1
"com.google.common.collect.TreeBasedTable.rowKeySet()",1,1,1
"com.google.common.collect.TreeBasedTable.rowMap()",1,1,1
"com.google.common.collect.TreeBasedTable_CustomFieldSerializer.deserialize(SerializationStreamReader,TreeBasedTable<?, ?, ?>)",1,1,1
"com.google.common.collect.TreeBasedTable_CustomFieldSerializer.instantiate(SerializationStreamReader)",1,2,2
"com.google.common.collect.TreeBasedTable_CustomFieldSerializer.serialize(SerializationStreamWriter,TreeBasedTable<?, ?, ?>)",1,1,1
"com.google.common.collect.TreeMultimap.TreeMultimap(Comparator<? super K>,Comparator<? super V>)",1,1,1
"com.google.common.collect.TreeMultimap.TreeMultimap(Comparator<? super K>,Comparator<? super V>,Multimap<? extends K, ? extends V>)",1,1,1
"com.google.common.collect.TreeMultimap.asMap()",1,1,1
"com.google.common.collect.TreeMultimap.create()",1,1,1
"com.google.common.collect.TreeMultimap.create(Comparator<? super K>,Comparator<? super V>)",1,1,1
"com.google.common.collect.TreeMultimap.create(Multimap<? extends K, ? extends V>)",1,1,1
"com.google.common.collect.TreeMultimap.createCollection()",1,1,1
"com.google.common.collect.TreeMultimap.keyComparator()",1,1,1
"com.google.common.collect.TreeMultimap.keySet()",1,1,1
"com.google.common.collect.TreeMultimap.readObject(ObjectInputStream)",1,1,1
"com.google.common.collect.TreeMultimap.valueComparator()",1,1,1
"com.google.common.collect.TreeMultimap.writeObject(ObjectOutputStream)",1,1,1
"com.google.common.collect.TreeMultimap_CustomFieldSerializer.deserialize(SerializationStreamReader,TreeMultimap<?, ?>)",1,1,1
"com.google.common.collect.TreeMultimap_CustomFieldSerializer.instantiate(SerializationStreamReader)",1,1,1
"com.google.common.collect.TreeMultimap_CustomFieldSerializer.serialize(SerializationStreamWriter,TreeMultimap<?, ?>)",1,1,1
"com.google.common.collect.TreeMultiset.AvlNode.AvlNode(E,int)",1,1,1
"com.google.common.collect.TreeMultiset.AvlNode.add(Comparator<? super E>,E,int,int[])",5,7,9
"com.google.common.collect.TreeMultiset.AvlNode.addLeftChild(E,int)",1,1,1
"com.google.common.collect.TreeMultiset.AvlNode.addRightChild(E,int)",1,1,1
"com.google.common.collect.TreeMultiset.AvlNode.balanceFactor()",1,1,1
"com.google.common.collect.TreeMultiset.AvlNode.ceiling(Comparator<? super E>,E)",3,5,5
"com.google.common.collect.TreeMultiset.AvlNode.count(Comparator<? super E>,E)",3,5,5
"com.google.common.collect.TreeMultiset.AvlNode.deleteMe()",4,4,4
"com.google.common.collect.TreeMultiset.AvlNode.floor(Comparator<? super E>,E)",3,5,5
"com.google.common.collect.TreeMultiset.AvlNode.getCount()",1,1,1
"com.google.common.collect.TreeMultiset.AvlNode.getElement()",1,1,1
"com.google.common.collect.TreeMultiset.AvlNode.height(AvlNode<?>)",1,1,2
"com.google.common.collect.TreeMultiset.AvlNode.rebalance()",2,6,6
"com.google.common.collect.TreeMultiset.AvlNode.recompute()",1,1,1
"com.google.common.collect.TreeMultiset.AvlNode.recomputeHeight()",1,1,1
"com.google.common.collect.TreeMultiset.AvlNode.recomputeMultiset()",1,1,1
"com.google.common.collect.TreeMultiset.AvlNode.remove(Comparator<? super E>,E,int,int[])",6,5,11
"com.google.common.collect.TreeMultiset.AvlNode.removeMax(AvlNode<E>)",2,2,2
"com.google.common.collect.TreeMultiset.AvlNode.removeMin(AvlNode<E>)",2,2,2
"com.google.common.collect.TreeMultiset.AvlNode.rotateLeft()",1,1,1
"com.google.common.collect.TreeMultiset.AvlNode.rotateRight()",1,1,1
"com.google.common.collect.TreeMultiset.AvlNode.setCount(Comparator<? super E>,E,int,int,int[])",9,9,21
"com.google.common.collect.TreeMultiset.AvlNode.setCount(Comparator<? super E>,E,int,int[])",6,8,16
"com.google.common.collect.TreeMultiset.AvlNode.toString()",1,1,1
"com.google.common.collect.TreeMultiset.AvlNode.totalCount(AvlNode<?>)",1,1,2
"com.google.common.collect.TreeMultiset.Reference.checkAndSet(T,T)",2,1,2
"com.google.common.collect.TreeMultiset.Reference.get()",1,1,1
"com.google.common.collect.TreeMultiset.TreeMultiset(Comparator<? super E>)",1,1,1
"com.google.common.collect.TreeMultiset.TreeMultiset(Reference<AvlNode<E>>,GeneralRange<E>,AvlNode<E>)",1,1,1
"com.google.common.collect.TreeMultiset.add(E,int)",3,3,3
"com.google.common.collect.TreeMultiset.aggregateAboveRange(Aggregate,AvlNode<E>)",7,6,7
"com.google.common.collect.TreeMultiset.aggregateBelowRange(Aggregate,AvlNode<E>)",7,6,7
"com.google.common.collect.TreeMultiset.aggregateForEntries(Aggregate)",1,3,3
"com.google.common.collect.TreeMultiset.count(Object)",2,2,5
"com.google.common.collect.TreeMultiset.create()",1,1,1
"com.google.common.collect.TreeMultiset.create(Comparator<? super E>)",1,2,2
"com.google.common.collect.TreeMultiset.create(Iterable<? extends E>)",1,1,1
"com.google.common.collect.TreeMultiset.descendingEntryIterator()",4,2,5
"com.google.common.collect.TreeMultiset.distinctElements()",1,1,1
"com.google.common.collect.TreeMultiset.distinctElements(AvlNode<?>)",1,1,2
"com.google.common.collect.TreeMultiset.entryIterator()",4,2,5
"com.google.common.collect.TreeMultiset.firstNode()",4,4,8
"com.google.common.collect.TreeMultiset.headMultiset(E,BoundType)",1,1,1
"com.google.common.collect.TreeMultiset.lastNode()",4,4,8
"com.google.common.collect.TreeMultiset.readObject(ObjectInputStream)",1,1,1
"com.google.common.collect.TreeMultiset.remove(Object,int)",3,3,6
"com.google.common.collect.TreeMultiset.setCount(E,int)",3,4,4
"com.google.common.collect.TreeMultiset.setCount(E,int,int)",3,4,4
"com.google.common.collect.TreeMultiset.size()",1,1,1
"com.google.common.collect.TreeMultiset.successor(AvlNode<T>,AvlNode<T>)",1,1,1
"com.google.common.collect.TreeMultiset.successor(AvlNode<T>,AvlNode<T>,AvlNode<T>)",1,1,1
"com.google.common.collect.TreeMultiset.tailMultiset(E,BoundType)",1,1,1
"com.google.common.collect.TreeMultiset.wrapEntry(AvlNode<E>)",2,2,2
"com.google.common.collect.TreeMultiset.writeObject(ObjectOutputStream)",1,1,1
"com.google.common.collect.TreeRangeSet.AsRanges.delegate()",1,1,1
"com.google.common.collect.TreeRangeSet.AsRanges.equals(Object)",1,1,1
"com.google.common.collect.TreeRangeSet.AsRanges.hashCode()",1,1,1
"com.google.common.collect.TreeRangeSet.TreeRangeSet(NavigableMap<Cut<C>, Range<C>>)",1,1,1
"com.google.common.collect.TreeRangeSet.add(Range<C>)",2,4,7
"com.google.common.collect.TreeRangeSet.asRanges()",1,1,2
"com.google.common.collect.TreeRangeSet.complement()",1,2,2
"com.google.common.collect.TreeRangeSet.create()",1,1,1
"com.google.common.collect.TreeRangeSet.createComplement()",1,1,1
"com.google.common.collect.TreeRangeSet.encloses(Range<C>)",1,2,2
"com.google.common.collect.TreeRangeSet.rangeContaining(C)",2,3,3
"com.google.common.collect.TreeRangeSet.remove(Range<C>)",2,6,7
"com.google.common.collect.TreeRangeSet.replaceRangeWithSameLowerBound(Range<C>)",1,2,2
"com.google.common.collect.UnmodifiableIterator.UnmodifiableIterator()",1,1,1
"com.google.common.collect.UnmodifiableIterator.remove()",1,1,1
"com.google.common.collect.UnmodifiableListIterator.UnmodifiableListIterator()",1,1,1
"com.google.common.collect.UnmodifiableListIterator.add(E)",1,1,1
"com.google.common.collect.UnmodifiableListIterator.set(E)",1,1,1
"com.google.common.collect.UsingToStringOrdering.UsingToStringOrdering()",1,1,1
"com.google.common.collect.UsingToStringOrdering.compare(Object,Object)",1,1,1
"com.google.common.collect.UsingToStringOrdering.readResolve()",1,1,1
"com.google.common.collect.UsingToStringOrdering.toString()",1,1,1
"com.google.common.collect.UsingToStringOrdering_CustomFieldSerializer.deserialize(SerializationStreamReader,UsingToStringOrdering)",1,1,1
"com.google.common.collect.UsingToStringOrdering_CustomFieldSerializer.instantiate(SerializationStreamReader)",1,1,1
"com.google.common.collect.UsingToStringOrdering_CustomFieldSerializer.serialize(SerializationStreamWriter,UsingToStringOrdering)",1,1,1
"com.google.common.collect.WellBehavedMap.EntrySet.iterator()",1,1,1
"com.google.common.collect.WellBehavedMap.EntrySet.map()",1,1,1
"com.google.common.collect.WellBehavedMap.WellBehavedMap(Map<K, V>)",1,1,1
"com.google.common.collect.WellBehavedMap.delegate()",1,1,1
"com.google.common.collect.WellBehavedMap.entrySet()",2,1,2
"com.google.common.collect.WellBehavedMap.wrap(Map<K, V>)",1,1,1
"com.google.common.collect.testing.GwtPlatform.GwtPlatform()",1,1,1
"com.google.common.collect.testing.GwtPlatform.clone(T[])",1,1,1
"com.google.common.eventbus.AnnotatedHandlerFinder.findAllHandlers(Object)",5,4,6
"com.google.common.eventbus.AnnotatedHandlerFinder.makeHandler(Object,Method)",1,1,2
"com.google.common.eventbus.AnnotatedHandlerFinder.methodIsDeclaredThreadSafe(Method)",1,1,1
"com.google.common.eventbus.AsyncEventBus.AsyncEventBus(Executor)",1,1,1
"com.google.common.eventbus.AsyncEventBus.AsyncEventBus(String,Executor)",1,1,1
"com.google.common.eventbus.AsyncEventBus.dispatch(Object,EventHandler)",1,1,1
"com.google.common.eventbus.AsyncEventBus.dispatchQueuedEvents()",3,2,3
"com.google.common.eventbus.AsyncEventBus.enqueueEvent(Object,EventHandler)",1,1,1
"com.google.common.eventbus.DeadEvent.DeadEvent(Object,Object)",1,1,1
"com.google.common.eventbus.DeadEvent.getEvent()",1,1,1
"com.google.common.eventbus.DeadEvent.getSource()",1,1,1
"com.google.common.eventbus.EventBus.EventBus()",1,1,1
"com.google.common.eventbus.EventBus.EventBus(String)",1,1,1
"com.google.common.eventbus.EventBus.EventWithHandler.EventWithHandler(Object,EventHandler)",1,1,1
"com.google.common.eventbus.EventBus.dispatch(Object,EventHandler)",1,2,2
"com.google.common.eventbus.EventBus.dispatchQueuedEvents()",4,2,4
"com.google.common.eventbus.EventBus.enqueueEvent(Object,EventHandler)",1,1,1
"com.google.common.eventbus.EventBus.flattenHierarchy(Class<?>)",1,2,2
"com.google.common.eventbus.EventBus.getHandlersForEventType(Class<?>)",1,1,1
"com.google.common.eventbus.EventBus.newHandlerSet()",1,1,1
"com.google.common.eventbus.EventBus.post(Object)",1,6,7
"com.google.common.eventbus.EventBus.register(Object)",1,1,1
"com.google.common.eventbus.EventBus.unregister(Object)",3,3,4
"com.google.common.eventbus.EventHandler.EventHandler(Object,Method)",1,1,1
"com.google.common.eventbus.EventHandler.equals(Object)",4,2,5
"com.google.common.eventbus.EventHandler.handleEvent(Object)",2,3,5
"com.google.common.eventbus.EventHandler.hashCode()",1,1,1
"com.google.common.eventbus.EventHandler.toString()",1,1,1
"com.google.common.eventbus.SynchronizedEventHandler.SynchronizedEventHandler(Object,Method)",1,1,1
"com.google.common.eventbus.SynchronizedEventHandler.handleEvent(Object)",1,1,1
"com.google.common.hash.AbstractCompositeHashFunction.AbstractCompositeHashFunction(HashFunction...)",1,1,1
"com.google.common.hash.AbstractCompositeHashFunction.newHasher()",1,15,15
"com.google.common.hash.AbstractHasher.putBoolean(boolean)",1,1,2
"com.google.common.hash.AbstractHasher.putDouble(double)",1,1,1
"com.google.common.hash.AbstractHasher.putFloat(float)",1,1,1
"com.google.common.hash.AbstractHasher.putString(CharSequence)",1,2,2
"com.google.common.hash.AbstractHasher.putString(CharSequence,Charset)",1,1,1
"com.google.common.hash.AbstractNonStreamingHashFunction.BufferingHasher.BufferingHasher(int)",1,1,1
"com.google.common.hash.AbstractNonStreamingHashFunction.BufferingHasher.hash()",1,1,1
"com.google.common.hash.AbstractNonStreamingHashFunction.BufferingHasher.putByte(byte)",1,1,1
"com.google.common.hash.AbstractNonStreamingHashFunction.BufferingHasher.putBytes(byte[])",1,2,2
"com.google.common.hash.AbstractNonStreamingHashFunction.BufferingHasher.putBytes(byte[],int,int)",1,1,1
"com.google.common.hash.AbstractNonStreamingHashFunction.BufferingHasher.putChar(char)",1,1,1
"com.google.common.hash.AbstractNonStreamingHashFunction.BufferingHasher.putInt(int)",1,1,1
"com.google.common.hash.AbstractNonStreamingHashFunction.BufferingHasher.putLong(long)",1,2,2
"com.google.common.hash.AbstractNonStreamingHashFunction.BufferingHasher.putObject(T,Funnel<? super T>)",1,1,1
"com.google.common.hash.AbstractNonStreamingHashFunction.BufferingHasher.putShort(short)",1,1,1
"com.google.common.hash.AbstractNonStreamingHashFunction.ExposedByteArrayOutputStream.ExposedByteArrayOutputStream(int)",1,1,1
"com.google.common.hash.AbstractNonStreamingHashFunction.ExposedByteArrayOutputStream.byteArray()",1,1,1
"com.google.common.hash.AbstractNonStreamingHashFunction.ExposedByteArrayOutputStream.length()",1,1,1
"com.google.common.hash.AbstractNonStreamingHashFunction.hashBytes(byte[])",1,1,1
"com.google.common.hash.AbstractNonStreamingHashFunction.hashInt(int)",1,1,1
"com.google.common.hash.AbstractNonStreamingHashFunction.hashLong(long)",1,1,1
"com.google.common.hash.AbstractNonStreamingHashFunction.hashString(CharSequence)",1,2,2
"com.google.common.hash.AbstractNonStreamingHashFunction.hashString(CharSequence,Charset)",1,1,1
"com.google.common.hash.AbstractNonStreamingHashFunction.newHasher()",1,1,1
"com.google.common.hash.AbstractNonStreamingHashFunction.newHasher(int)",1,1,1
"com.google.common.hash.AbstractStreamingHashFunction.AbstractStreamingHasher.AbstractStreamingHasher(int)",1,1,1
"com.google.common.hash.AbstractStreamingHashFunction.AbstractStreamingHasher.AbstractStreamingHasher(int,int)",1,1,1
"com.google.common.hash.AbstractStreamingHashFunction.AbstractStreamingHasher.hash()",1,2,2
"com.google.common.hash.AbstractStreamingHashFunction.AbstractStreamingHasher.munch()",1,2,2
"com.google.common.hash.AbstractStreamingHashFunction.AbstractStreamingHasher.munchIfFull()",1,2,2
"com.google.common.hash.AbstractStreamingHashFunction.AbstractStreamingHasher.processRemaining(ByteBuffer)",1,2,2
"com.google.common.hash.AbstractStreamingHashFunction.AbstractStreamingHasher.putByte(byte)",1,1,1
"com.google.common.hash.AbstractStreamingHashFunction.AbstractStreamingHasher.putBytes(ByteBuffer)",2,4,4
"com.google.common.hash.AbstractStreamingHashFunction.AbstractStreamingHasher.putBytes(byte[])",1,1,1
"com.google.common.hash.AbstractStreamingHashFunction.AbstractStreamingHasher.putBytes(byte[],int,int)",1,1,1
"com.google.common.hash.AbstractStreamingHashFunction.AbstractStreamingHasher.putChar(char)",1,1,1
"com.google.common.hash.AbstractStreamingHashFunction.AbstractStreamingHasher.putInt(int)",1,1,1
"com.google.common.hash.AbstractStreamingHashFunction.AbstractStreamingHasher.putLong(long)",1,1,1
"com.google.common.hash.AbstractStreamingHashFunction.AbstractStreamingHasher.putObject(T,Funnel<? super T>)",1,1,1
"com.google.common.hash.AbstractStreamingHashFunction.AbstractStreamingHasher.putShort(short)",1,1,1
"com.google.common.hash.AbstractStreamingHashFunction.AbstractStreamingHasher.putString(CharSequence)",1,2,2
"com.google.common.hash.AbstractStreamingHashFunction.hashBytes(byte[])",1,1,1
"com.google.common.hash.AbstractStreamingHashFunction.hashBytes(byte[],int,int)",1,1,1
"com.google.common.hash.AbstractStreamingHashFunction.hashInt(int)",1,1,1
"com.google.common.hash.AbstractStreamingHashFunction.hashLong(long)",1,1,1
"com.google.common.hash.AbstractStreamingHashFunction.hashString(CharSequence)",1,1,1
"com.google.common.hash.AbstractStreamingHashFunction.hashString(CharSequence,Charset)",1,1,1
"com.google.common.hash.AbstractStreamingHashFunction.newHasher(int)",1,1,1
"com.google.common.hash.BloomFilter.BloomFilter(BitArray,int,Funnel<T>,Strategy)",1,1,1
"com.google.common.hash.BloomFilter.SerialForm.SerialForm(BloomFilter<T>)",1,1,1
"com.google.common.hash.BloomFilter.SerialForm.readResolve()",1,1,1
"com.google.common.hash.BloomFilter.copy()",1,1,1
"com.google.common.hash.BloomFilter.create(Funnel<T>,int)",1,1,1
"com.google.common.hash.BloomFilter.create(Funnel<T>,int,double)",1,1,3
"com.google.common.hash.BloomFilter.equals(Object)",3,5,6
"com.google.common.hash.BloomFilter.expectedFalsePositiveProbability()",1,1,1
"com.google.common.hash.BloomFilter.expectedFpp()",1,1,1
"com.google.common.hash.BloomFilter.hashCode()",1,1,1
"com.google.common.hash.BloomFilter.mightContain(T)",1,1,1
"com.google.common.hash.BloomFilter.optimalNumOfBits(long,double)",1,1,2
"com.google.common.hash.BloomFilter.optimalNumOfHashFunctions(long,long)",1,1,1
"com.google.common.hash.BloomFilter.put(T)",1,1,1
"com.google.common.hash.BloomFilter.writeReplace()",1,1,1
"com.google.common.hash.BloomFilterStrategies.BitArray.BitArray(long)",1,1,1
"com.google.common.hash.BloomFilterStrategies.BitArray.BitArray(long[])",1,2,2
"com.google.common.hash.BloomFilterStrategies.BitArray.bitCount()",1,1,1
"com.google.common.hash.BloomFilterStrategies.BitArray.copy()",1,1,1
"com.google.common.hash.BloomFilterStrategies.BitArray.equals(Object)",2,2,2
"com.google.common.hash.BloomFilterStrategies.BitArray.get(int)",1,1,1
"com.google.common.hash.BloomFilterStrategies.BitArray.hashCode()",1,1,1
"com.google.common.hash.BloomFilterStrategies.BitArray.set(int)",2,1,2
"com.google.common.hash.BloomFilterStrategies.BitArray.size()",1,1,1
"com.google.common.hash.Funnels.ByteArrayFunnel.funnel(byte[],PrimitiveSink)",1,1,1
"com.google.common.hash.Funnels.ByteArrayFunnel.toString()",1,1,1
"com.google.common.hash.Funnels.Funnels()",1,1,1
"com.google.common.hash.Funnels.IntegerFunnel.funnel(Integer,PrimitiveSink)",1,1,1
"com.google.common.hash.Funnels.IntegerFunnel.toString()",1,1,1
"com.google.common.hash.Funnels.LongFunnel.funnel(Long,PrimitiveSink)",1,1,1
"com.google.common.hash.Funnels.LongFunnel.toString()",1,1,1
"com.google.common.hash.Funnels.SinkAsStream.SinkAsStream(PrimitiveSink)",1,1,1
"com.google.common.hash.Funnels.SinkAsStream.toString()",1,1,1
"com.google.common.hash.Funnels.SinkAsStream.write(byte[])",1,1,1
"com.google.common.hash.Funnels.SinkAsStream.write(byte[],int,int)",1,1,1
"com.google.common.hash.Funnels.SinkAsStream.write(int)",1,1,1
"com.google.common.hash.Funnels.StringFunnel.funnel(CharSequence,PrimitiveSink)",1,1,1
"com.google.common.hash.Funnels.StringFunnel.toString()",1,1,1
"com.google.common.hash.Funnels.asOutputStream(PrimitiveSink)",1,1,1
"com.google.common.hash.Funnels.byteArrayFunnel()",1,1,1
"com.google.common.hash.Funnels.integerFunnel()",1,1,1
"com.google.common.hash.Funnels.longFunnel()",1,1,1
"com.google.common.hash.Funnels.stringFunnel()",1,1,1
"com.google.common.hash.HashCode.HashCode()",1,1,1
"com.google.common.hash.HashCode.equals(Object)",2,2,2
"com.google.common.hash.HashCode.hashCode()",1,1,1
"com.google.common.hash.HashCode.toString()",1,2,2
"com.google.common.hash.HashCode.writeBytesTo(byte[],int,int)",1,1,1
"com.google.common.hash.HashCodes.BytesHashCode.BytesHashCode(byte[])",1,1,1
"com.google.common.hash.HashCodes.BytesHashCode.asBytes()",1,1,1
"com.google.common.hash.HashCodes.BytesHashCode.asInt()",1,1,1
"com.google.common.hash.HashCodes.BytesHashCode.asLong()",2,1,2
"com.google.common.hash.HashCodes.BytesHashCode.bits()",1,1,1
"com.google.common.hash.HashCodes.HashCodes()",1,1,1
"com.google.common.hash.HashCodes.IntHashCode.IntHashCode(int)",1,1,1
"com.google.common.hash.HashCodes.IntHashCode.asBytes()",1,1,1
"com.google.common.hash.HashCodes.IntHashCode.asInt()",1,1,1
"com.google.common.hash.HashCodes.IntHashCode.asLong()",1,1,1
"com.google.common.hash.HashCodes.IntHashCode.bits()",1,1,1
"com.google.common.hash.HashCodes.LongHashCode.LongHashCode(long)",1,1,1
"com.google.common.hash.HashCodes.LongHashCode.asBytes()",1,1,1
"com.google.common.hash.HashCodes.LongHashCode.asInt()",1,1,1
"com.google.common.hash.HashCodes.LongHashCode.asLong()",1,1,1
"com.google.common.hash.HashCodes.LongHashCode.bits()",1,1,1
"com.google.common.hash.HashCodes.fromBytes(byte[])",1,1,1
"com.google.common.hash.HashCodes.fromBytesNoCopy(byte[])",1,1,1
"com.google.common.hash.HashCodes.fromInt(int)",1,1,1
"com.google.common.hash.HashCodes.fromLong(long)",1,1,1
"com.google.common.hash.Hashing.ConcatenatedHashFunction.ConcatenatedHashFunction(HashFunction...)",1,2,2
"com.google.common.hash.Hashing.ConcatenatedHashFunction.bits()",1,1,1
"com.google.common.hash.Hashing.ConcatenatedHashFunction.makeHash(Hasher[])",1,2,2
"com.google.common.hash.Hashing.Hashing()",1,1,1
"com.google.common.hash.Hashing.LinearCongruentialGenerator.LinearCongruentialGenerator(long)",1,1,1
"com.google.common.hash.Hashing.LinearCongruentialGenerator.nextDouble()",1,1,1
"com.google.common.hash.Hashing.checkPositiveAndMakeMultipleOf32(int)",1,1,1
"com.google.common.hash.Hashing.combineOrdered(Iterable<HashCode>)",1,2,3
"com.google.common.hash.Hashing.combineUnordered(Iterable<HashCode>)",1,2,3
"com.google.common.hash.Hashing.consistentHash(HashCode,int)",1,1,1
"com.google.common.hash.Hashing.consistentHash(long,int)",3,2,4
"com.google.common.hash.Hashing.goodFastHash(int)",3,2,4
"com.google.common.hash.Hashing.md5()",1,1,1
"com.google.common.hash.Hashing.murmur3_128()",1,1,1
"com.google.common.hash.Hashing.murmur3_128(int)",1,1,1
"com.google.common.hash.Hashing.murmur3_32()",1,1,1
"com.google.common.hash.Hashing.murmur3_32(int)",1,1,1
"com.google.common.hash.Hashing.padToLong(HashCode)",1,2,2
"com.google.common.hash.Hashing.sha1()",1,1,1
"com.google.common.hash.Hashing.sha256()",1,1,1
"com.google.common.hash.Hashing.sha512()",1,1,1
"com.google.common.hash.MessageDigestHashFunction.MessageDigestHashFunction(String)",1,1,1
"com.google.common.hash.MessageDigestHashFunction.MessageDigestHasher.MessageDigestHasher(MessageDigest)",1,1,1
"com.google.common.hash.MessageDigestHashFunction.MessageDigestHasher.checkNotDone()",1,1,1
"com.google.common.hash.MessageDigestHashFunction.MessageDigestHasher.hash()",1,1,1
"com.google.common.hash.MessageDigestHashFunction.MessageDigestHasher.putBoolean(boolean)",1,1,2
"com.google.common.hash.MessageDigestHashFunction.MessageDigestHasher.putByte(byte)",1,1,1
"com.google.common.hash.MessageDigestHashFunction.MessageDigestHasher.putBytes(byte[])",1,1,1
"com.google.common.hash.MessageDigestHashFunction.MessageDigestHasher.putBytes(byte[],int,int)",1,1,1
"com.google.common.hash.MessageDigestHashFunction.MessageDigestHasher.putChar(char)",1,1,1
"com.google.common.hash.MessageDigestHashFunction.MessageDigestHasher.putDouble(double)",1,1,1
"com.google.common.hash.MessageDigestHashFunction.MessageDigestHasher.putFloat(float)",1,1,1
"com.google.common.hash.MessageDigestHashFunction.MessageDigestHasher.putInt(int)",1,1,1
"com.google.common.hash.MessageDigestHashFunction.MessageDigestHasher.putLong(long)",1,1,1
"com.google.common.hash.MessageDigestHashFunction.MessageDigestHasher.putObject(T,Funnel<? super T>)",1,1,1
"com.google.common.hash.MessageDigestHashFunction.MessageDigestHasher.putShort(short)",1,1,1
"com.google.common.hash.MessageDigestHashFunction.MessageDigestHasher.putString(CharSequence)",1,2,2
"com.google.common.hash.MessageDigestHashFunction.MessageDigestHasher.putString(CharSequence,Charset)",1,1,1
"com.google.common.hash.MessageDigestHashFunction.bits()",1,1,1
"com.google.common.hash.MessageDigestHashFunction.getMessageDigest(String)",1,1,2
"com.google.common.hash.MessageDigestHashFunction.newHasher()",1,1,1
"com.google.common.hash.Murmur3_128HashFunction.Murmur3_128HashFunction(int)",1,1,1
"com.google.common.hash.Murmur3_128HashFunction.Murmur3_128Hasher.Murmur3_128Hasher(int)",1,1,1
"com.google.common.hash.Murmur3_128HashFunction.Murmur3_128Hasher.bmix64(long,long)",1,1,1
"com.google.common.hash.Murmur3_128HashFunction.Murmur3_128Hasher.fmix64(long)",1,1,1
"com.google.common.hash.Murmur3_128HashFunction.Murmur3_128Hasher.makeHash()",1,1,1
"com.google.common.hash.Murmur3_128HashFunction.Murmur3_128Hasher.mixK1(long)",1,1,1
"com.google.common.hash.Murmur3_128HashFunction.Murmur3_128Hasher.mixK2(long)",1,1,1
"com.google.common.hash.Murmur3_128HashFunction.Murmur3_128Hasher.process(ByteBuffer)",1,1,1
"com.google.common.hash.Murmur3_128HashFunction.Murmur3_128Hasher.processRemaining(ByteBuffer)",2,15,17
"com.google.common.hash.Murmur3_128HashFunction.bits()",1,1,1
"com.google.common.hash.Murmur3_128HashFunction.newHasher()",1,1,1
"com.google.common.hash.Murmur3_32HashFunction.Murmur3_32HashFunction(int)",1,1,1
"com.google.common.hash.Murmur3_32HashFunction.Murmur3_32Hasher.Murmur3_32Hasher(int)",1,1,1
"com.google.common.hash.Murmur3_32HashFunction.Murmur3_32Hasher.makeHash()",1,1,1
"com.google.common.hash.Murmur3_32HashFunction.Murmur3_32Hasher.process(ByteBuffer)",1,1,1
"com.google.common.hash.Murmur3_32HashFunction.Murmur3_32Hasher.processRemaining(ByteBuffer)",2,4,5
"com.google.common.hash.Murmur3_32HashFunction.bits()",1,1,1
"com.google.common.hash.Murmur3_32HashFunction.fmix(int,int)",1,1,1
"com.google.common.hash.Murmur3_32HashFunction.hashInt(int)",1,1,1
"com.google.common.hash.Murmur3_32HashFunction.hashLong(long)",1,1,1
"com.google.common.hash.Murmur3_32HashFunction.hashString(CharSequence)",1,3,3
"com.google.common.hash.Murmur3_32HashFunction.mixH1(int,int)",1,1,1
"com.google.common.hash.Murmur3_32HashFunction.mixK1(int)",1,1,1
"com.google.common.hash.Murmur3_32HashFunction.newHasher()",1,1,1
"com.google.common.io.AppendableWriter.AppendableWriter(Appendable)",1,1,1
"com.google.common.io.AppendableWriter.append(CharSequence)",1,1,1
"com.google.common.io.AppendableWriter.append(CharSequence,int,int)",1,1,1
"com.google.common.io.AppendableWriter.append(char)",1,1,1
"com.google.common.io.AppendableWriter.checkNotClosed()",2,1,2
"com.google.common.io.AppendableWriter.close()",1,2,2
"com.google.common.io.AppendableWriter.flush()",1,2,2
"com.google.common.io.AppendableWriter.write(String)",1,1,1
"com.google.common.io.AppendableWriter.write(String,int,int)",1,1,1
"com.google.common.io.AppendableWriter.write(char[],int,int)",1,1,1
"com.google.common.io.AppendableWriter.write(int)",1,1,1
"com.google.common.io.ByteStreams.ByteArrayDataInputStream.ByteArrayDataInputStream(byte[])",1,1,1
"com.google.common.io.ByteStreams.ByteArrayDataInputStream.ByteArrayDataInputStream(byte[],int)",1,1,1
"com.google.common.io.ByteStreams.ByteArrayDataInputStream.readBoolean()",1,1,2
"com.google.common.io.ByteStreams.ByteArrayDataInputStream.readByte()",1,1,3
"com.google.common.io.ByteStreams.ByteArrayDataInputStream.readChar()",1,1,2
"com.google.common.io.ByteStreams.ByteArrayDataInputStream.readDouble()",1,1,2
"com.google.common.io.ByteStreams.ByteArrayDataInputStream.readFloat()",1,1,2
"com.google.common.io.ByteStreams.ByteArrayDataInputStream.readFully(byte[])",1,1,2
"com.google.common.io.ByteStreams.ByteArrayDataInputStream.readFully(byte[],int,int)",1,1,2
"com.google.common.io.ByteStreams.ByteArrayDataInputStream.readInt()",1,1,2
"com.google.common.io.ByteStreams.ByteArrayDataInputStream.readLine()",1,1,2
"com.google.common.io.ByteStreams.ByteArrayDataInputStream.readLong()",1,1,2
"com.google.common.io.ByteStreams.ByteArrayDataInputStream.readShort()",1,1,2
"com.google.common.io.ByteStreams.ByteArrayDataInputStream.readUTF()",1,1,2
"com.google.common.io.ByteStreams.ByteArrayDataInputStream.readUnsignedByte()",1,1,2
"com.google.common.io.ByteStreams.ByteArrayDataInputStream.readUnsignedShort()",1,1,2
"com.google.common.io.ByteStreams.ByteArrayDataInputStream.skipBytes(int)",1,1,2
"com.google.common.io.ByteStreams.ByteArrayDataOutputStream.ByteArrayDataOutputStream()",1,1,1
"com.google.common.io.ByteStreams.ByteArrayDataOutputStream.ByteArrayDataOutputStream(ByteArrayOutputStream)",1,1,1
"com.google.common.io.ByteStreams.ByteArrayDataOutputStream.ByteArrayDataOutputStream(int)",1,1,1
"com.google.common.io.ByteStreams.ByteArrayDataOutputStream.toByteArray()",1,1,1
"com.google.common.io.ByteStreams.ByteArrayDataOutputStream.write(byte[])",1,1,2
"com.google.common.io.ByteStreams.ByteArrayDataOutputStream.write(byte[],int,int)",1,1,2
"com.google.common.io.ByteStreams.ByteArrayDataOutputStream.write(int)",1,1,2
"com.google.common.io.ByteStreams.ByteArrayDataOutputStream.writeBoolean(boolean)",1,1,2
"com.google.common.io.ByteStreams.ByteArrayDataOutputStream.writeByte(int)",1,1,2
"com.google.common.io.ByteStreams.ByteArrayDataOutputStream.writeBytes(String)",1,1,2
"com.google.common.io.ByteStreams.ByteArrayDataOutputStream.writeChar(int)",1,1,2
"com.google.common.io.ByteStreams.ByteArrayDataOutputStream.writeChars(String)",1,1,2
"com.google.common.io.ByteStreams.ByteArrayDataOutputStream.writeDouble(double)",1,1,2
"com.google.common.io.ByteStreams.ByteArrayDataOutputStream.writeFloat(float)",1,1,2
"com.google.common.io.ByteStreams.ByteArrayDataOutputStream.writeInt(int)",1,1,2
"com.google.common.io.ByteStreams.ByteArrayDataOutputStream.writeLong(long)",1,1,2
"com.google.common.io.ByteStreams.ByteArrayDataOutputStream.writeShort(int)",1,1,2
"com.google.common.io.ByteStreams.ByteArrayDataOutputStream.writeUTF(String)",1,1,2
"com.google.common.io.ByteStreams.ByteStreams()",1,1,1
"com.google.common.io.ByteStreams.copy(InputStream,OutputStream)",3,2,3
"com.google.common.io.ByteStreams.copy(InputStream,OutputSupplier<? extends OutputStream>)",1,1,1
"com.google.common.io.ByteStreams.copy(InputSupplier<? extends InputStream>,OutputStream)",1,1,1
"com.google.common.io.ByteStreams.copy(InputSupplier<? extends InputStream>,OutputSupplier<? extends OutputStream>)",1,1,1
"com.google.common.io.ByteStreams.copy(ReadableByteChannel,WritableByteChannel)",1,3,3
"com.google.common.io.ByteStreams.equal(InputSupplier<? extends InputStream>,InputSupplier<? extends InputStream>)",4,3,5
"com.google.common.io.ByteStreams.getChecksum(InputSupplier<? extends InputStream>,Checksum)",1,1,1
"com.google.common.io.ByteStreams.hash(InputSupplier<? extends InputStream>,HashFunction)",1,1,1
"com.google.common.io.ByteStreams.join(InputSupplier<? extends InputStream>...)",1,1,1
"com.google.common.io.ByteStreams.join(Iterable<? extends InputSupplier<? extends InputStream>>)",1,1,1
"com.google.common.io.ByteStreams.length(InputSupplier<? extends InputStream>)",4,3,4
"com.google.common.io.ByteStreams.limit(InputStream,long)",1,1,1
"com.google.common.io.ByteStreams.newDataInput(byte[])",1,1,1
"com.google.common.io.ByteStreams.newDataInput(byte[],int)",1,1,1
"com.google.common.io.ByteStreams.newDataOutput()",1,1,1
"com.google.common.io.ByteStreams.newDataOutput(int)",1,1,1
"com.google.common.io.ByteStreams.newInputStreamSupplier(byte[])",1,1,1
"com.google.common.io.ByteStreams.newInputStreamSupplier(byte[],int,int)",1,1,1
"com.google.common.io.ByteStreams.nullOutputStream()",1,1,1
"com.google.common.io.ByteStreams.read(InputStream,byte[],int,int)",4,2,4
"com.google.common.io.ByteStreams.readBytes(InputSupplier<? extends InputStream>,ByteProcessor<T>)",3,2,3
"com.google.common.io.ByteStreams.readFully(InputStream,byte[])",1,1,1
"com.google.common.io.ByteStreams.readFully(InputStream,byte[],int,int)",2,1,2
"com.google.common.io.ByteStreams.skipFully(InputStream,long)",4,3,4
"com.google.common.io.ByteStreams.slice(InputSupplier<? extends InputStream>,long,long)",2,3,3
"com.google.common.io.ByteStreams.toByteArray(InputStream)",1,1,1
"com.google.common.io.ByteStreams.toByteArray(InputSupplier<? extends InputStream>)",1,1,1
"com.google.common.io.ByteStreams.write(byte[],OutputSupplier<? extends OutputStream>)",1,1,1
"com.google.common.io.CharStreams.CharStreams()",1,1,1
"com.google.common.io.CharStreams.asWriter(Appendable)",2,1,2
"com.google.common.io.CharStreams.copy(InputSupplier<R>,Appendable)",1,1,1
"com.google.common.io.CharStreams.copy(InputSupplier<R>,OutputSupplier<W>)",1,1,1
"com.google.common.io.CharStreams.copy(Readable,Appendable)",1,2,2
"com.google.common.io.CharStreams.join(InputSupplier<? extends Reader>...)",1,1,1
"com.google.common.io.CharStreams.join(Iterable<? extends InputSupplier<? extends Reader>>)",1,1,1
"com.google.common.io.CharStreams.newReaderSupplier(InputSupplier<? extends InputStream>,Charset)",1,1,1
"com.google.common.io.CharStreams.newReaderSupplier(String)",1,1,1
"com.google.common.io.CharStreams.newWriterSupplier(OutputSupplier<? extends OutputStream>,Charset)",1,1,1
"com.google.common.io.CharStreams.readFirstLine(InputSupplier<R>)",1,1,1
"com.google.common.io.CharStreams.readLines(InputSupplier<R>)",1,1,1
"com.google.common.io.CharStreams.readLines(InputSupplier<R>,LineProcessor<T>)",3,2,3
"com.google.common.io.CharStreams.readLines(Readable)",1,2,2
"com.google.common.io.CharStreams.skipFully(Reader,long)",4,3,4
"com.google.common.io.CharStreams.toString(InputSupplier<R>)",1,1,1
"com.google.common.io.CharStreams.toString(Readable)",1,1,1
"com.google.common.io.CharStreams.toStringBuilder(InputSupplier<R>)",1,1,1
"com.google.common.io.CharStreams.toStringBuilder(Readable)",1,1,1
"com.google.common.io.CharStreams.write(CharSequence,OutputSupplier<W>)",1,1,1
"com.google.common.io.Closeables.Closeables()",1,1,1
"com.google.common.io.Closeables.close(Closeable,boolean)",3,3,4
"com.google.common.io.Closeables.closeQuietly(Closeable)",1,2,2
"com.google.common.io.CountingInputStream.CountingInputStream(InputStream)",1,1,1
"com.google.common.io.CountingInputStream.getCount()",1,1,1
"com.google.common.io.CountingInputStream.mark(int)",1,1,1
"com.google.common.io.CountingInputStream.read()",1,1,2
"com.google.common.io.CountingInputStream.read(byte[],int,int)",1,1,2
"com.google.common.io.CountingInputStream.reset()",3,1,3
"com.google.common.io.CountingInputStream.skip(long)",1,1,1
"com.google.common.io.CountingOutputStream.CountingOutputStream(OutputStream)",1,1,1
"com.google.common.io.CountingOutputStream.getCount()",1,1,1
"com.google.common.io.CountingOutputStream.write(byte[],int,int)",1,1,1
"com.google.common.io.CountingOutputStream.write(int)",1,1,1
"com.google.common.io.FileBackedOutputStream.FileBackedOutputStream(int)",1,1,1
"com.google.common.io.FileBackedOutputStream.FileBackedOutputStream(int,boolean)",1,3,3
"com.google.common.io.FileBackedOutputStream.MemoryOutput.getBuffer()",1,1,1
"com.google.common.io.FileBackedOutputStream.MemoryOutput.getCount()",1,1,1
"com.google.common.io.FileBackedOutputStream.close()",1,1,1
"com.google.common.io.FileBackedOutputStream.flush()",1,1,1
"com.google.common.io.FileBackedOutputStream.getFile()",1,1,1
"com.google.common.io.FileBackedOutputStream.getSupplier()",1,1,1
"com.google.common.io.FileBackedOutputStream.openStream()",2,2,2
"com.google.common.io.FileBackedOutputStream.reset()",3,3,4
"com.google.common.io.FileBackedOutputStream.update(int)",1,4,4
"com.google.common.io.FileBackedOutputStream.write(byte[])",1,1,1
"com.google.common.io.FileBackedOutputStream.write(byte[],int,int)",1,1,1
"com.google.common.io.FileBackedOutputStream.write(int)",1,1,1
"com.google.common.io.Files.Files()",1,1,1
"com.google.common.io.Files.append(CharSequence,File,Charset)",1,1,1
"com.google.common.io.Files.copy(File,Charset,Appendable)",1,1,1
"com.google.common.io.Files.copy(File,Charset,OutputSupplier<W>)",1,1,1
"com.google.common.io.Files.copy(File,File)",1,1,1
"com.google.common.io.Files.copy(File,OutputStream)",1,1,1
"com.google.common.io.Files.copy(File,OutputSupplier<? extends OutputStream>)",1,1,1
"com.google.common.io.Files.copy(InputSupplier<? extends InputStream>,File)",1,1,1
"com.google.common.io.Files.copy(InputSupplier<R>,File,Charset)",1,1,1
"com.google.common.io.Files.createParentDirs(File)",3,1,3
"com.google.common.io.Files.createTempDir()",3,2,3
"com.google.common.io.Files.equal(File,File)",3,2,6
"com.google.common.io.Files.getChecksum(File,Checksum)",1,1,1
"com.google.common.io.Files.getFileExtension(String)",1,2,2
"com.google.common.io.Files.getNameWithoutExtension(String)",1,2,2
"com.google.common.io.Files.hash(File,HashFunction)",1,1,1
"com.google.common.io.Files.map(File)",1,1,1
"com.google.common.io.Files.map(File,MapMode)",2,2,2
"com.google.common.io.Files.map(File,MapMode,long)",1,1,2
"com.google.common.io.Files.map(RandomAccessFile,MapMode,long)",1,1,1
"com.google.common.io.Files.move(File,File)",4,3,4
"com.google.common.io.Files.newInputStreamSupplier(File)",1,1,1
"com.google.common.io.Files.newOutputStreamSupplier(File)",1,1,1
"com.google.common.io.Files.newOutputStreamSupplier(File,boolean)",1,1,1
"com.google.common.io.Files.newReader(File,Charset)",1,1,1
"com.google.common.io.Files.newReaderSupplier(File,Charset)",1,1,1
"com.google.common.io.Files.newWriter(File,Charset)",1,1,1
"com.google.common.io.Files.newWriterSupplier(File,Charset)",1,1,1
"com.google.common.io.Files.newWriterSupplier(File,Charset,boolean)",1,1,1
"com.google.common.io.Files.readBytes(File,ByteProcessor<T>)",1,1,1
"com.google.common.io.Files.readFirstLine(File,Charset)",1,1,1
"com.google.common.io.Files.readLines(File,Charset)",1,1,1
"com.google.common.io.Files.readLines(File,Charset,LineProcessor<T>)",1,1,1
"com.google.common.io.Files.simplifyPath(String)",4,8,11
"com.google.common.io.Files.toByteArray(File)",2,2,2
"com.google.common.io.Files.toString(File,Charset)",1,1,1
"com.google.common.io.Files.touch(File)",2,2,3
"com.google.common.io.Files.write(CharSequence,File,Charset)",1,1,1
"com.google.common.io.Files.write(CharSequence,File,Charset,boolean)",1,1,1
"com.google.common.io.Files.write(byte[],File)",1,1,1
"com.google.common.io.Flushables.Flushables()",1,1,1
"com.google.common.io.Flushables.flush(Flushable,boolean)",2,3,3
"com.google.common.io.Flushables.flushQuietly(Flushable)",1,2,2
"com.google.common.io.LimitInputStream.LimitInputStream(InputStream,long)",1,1,1
"com.google.common.io.LimitInputStream.available()",1,1,1
"com.google.common.io.LimitInputStream.mark(int)",1,1,1
"com.google.common.io.LimitInputStream.read()",2,1,3
"com.google.common.io.LimitInputStream.read(byte[],int,int)",2,1,3
"com.google.common.io.LimitInputStream.reset()",3,1,3
"com.google.common.io.LimitInputStream.skip(long)",1,1,1
"com.google.common.io.LineBuffer.add(char[],int,int)",2,5,9
"com.google.common.io.LineBuffer.finish()",1,3,3
"com.google.common.io.LineBuffer.finishLine(boolean)",1,1,4
"com.google.common.io.LineReader.LineReader(Readable)",1,1,2
"com.google.common.io.LineReader.readLine()",3,4,4
"com.google.common.io.LittleEndianDataInputStream.LittleEndianDataInputStream(InputStream)",1,1,1
"com.google.common.io.LittleEndianDataInputStream.readAndCheckByte()",2,1,2
"com.google.common.io.LittleEndianDataInputStream.readBoolean()",1,1,1
"com.google.common.io.LittleEndianDataInputStream.readByte()",1,1,1
"com.google.common.io.LittleEndianDataInputStream.readChar()",1,1,1
"com.google.common.io.LittleEndianDataInputStream.readDouble()",1,1,1
"com.google.common.io.LittleEndianDataInputStream.readFloat()",1,1,1
"com.google.common.io.LittleEndianDataInputStream.readFully(byte[])",1,1,1
"com.google.common.io.LittleEndianDataInputStream.readFully(byte[],int,int)",1,1,1
"com.google.common.io.LittleEndianDataInputStream.readInt()",1,1,1
"com.google.common.io.LittleEndianDataInputStream.readLine()",1,1,1
"com.google.common.io.LittleEndianDataInputStream.readLong()",1,1,1
"com.google.common.io.LittleEndianDataInputStream.readShort()",1,1,1
"com.google.common.io.LittleEndianDataInputStream.readUTF()",1,1,1
"com.google.common.io.LittleEndianDataInputStream.readUnsignedByte()",2,1,2
"com.google.common.io.LittleEndianDataInputStream.readUnsignedShort()",1,1,1
"com.google.common.io.LittleEndianDataInputStream.skipBytes(int)",1,1,1
"com.google.common.io.LittleEndianDataOutputStream.LittleEndianDataOutputStream(OutputStream)",1,1,1
"com.google.common.io.LittleEndianDataOutputStream.write(byte[],int,int)",1,1,1
"com.google.common.io.LittleEndianDataOutputStream.writeBoolean(boolean)",1,1,1
"com.google.common.io.LittleEndianDataOutputStream.writeByte(int)",1,1,1
"com.google.common.io.LittleEndianDataOutputStream.writeBytes(String)",1,1,1
"com.google.common.io.LittleEndianDataOutputStream.writeChar(int)",1,1,1
"com.google.common.io.LittleEndianDataOutputStream.writeChars(String)",1,2,2
"com.google.common.io.LittleEndianDataOutputStream.writeDouble(double)",1,1,1
"com.google.common.io.LittleEndianDataOutputStream.writeFloat(float)",1,1,1
"com.google.common.io.LittleEndianDataOutputStream.writeInt(int)",1,1,1
"com.google.common.io.LittleEndianDataOutputStream.writeLong(long)",1,1,1
"com.google.common.io.LittleEndianDataOutputStream.writeShort(int)",1,1,1
"com.google.common.io.LittleEndianDataOutputStream.writeUTF(String)",1,1,1
"com.google.common.io.MultiInputStream.MultiInputStream(Iterator<? extends InputSupplier<? extends InputStream>>)",1,1,1
"com.google.common.io.MultiInputStream.advance()",1,2,2
"com.google.common.io.MultiInputStream.available()",2,1,2
"com.google.common.io.MultiInputStream.close()",1,2,2
"com.google.common.io.MultiInputStream.markSupported()",1,1,1
"com.google.common.io.MultiInputStream.read()",3,2,3
"com.google.common.io.MultiInputStream.read(byte[],int,int)",3,2,3
"com.google.common.io.MultiInputStream.skip(long)",4,1,5
"com.google.common.io.MultiReader.MultiReader(Iterator<? extends InputSupplier<? extends Reader>>)",1,1,1
"com.google.common.io.MultiReader.advance()",1,2,2
"com.google.common.io.MultiReader.close()",1,2,2
"com.google.common.io.MultiReader.read(char[],int,int)",3,2,3
"com.google.common.io.MultiReader.ready()",1,2,2
"com.google.common.io.MultiReader.skip(long)",4,3,4
"com.google.common.io.NullOutputStream.write(byte[],int,int)",1,1,1
"com.google.common.io.NullOutputStream.write(int)",1,1,1
"com.google.common.io.PatternFilenameFilter.PatternFilenameFilter(Pattern)",1,1,1
"com.google.common.io.PatternFilenameFilter.PatternFilenameFilter(String)",1,1,1
"com.google.common.io.PatternFilenameFilter.accept(File,String)",1,1,1
"com.google.common.io.Resources.Resources()",1,1,1
"com.google.common.io.Resources.copy(URL,OutputStream)",1,1,1
"com.google.common.io.Resources.getResource(Class<?>,String)",1,1,1
"com.google.common.io.Resources.getResource(String)",1,1,1
"com.google.common.io.Resources.newInputStreamSupplier(URL)",1,1,1
"com.google.common.io.Resources.newReaderSupplier(URL,Charset)",1,1,1
"com.google.common.io.Resources.readLines(URL,Charset)",1,1,1
"com.google.common.io.Resources.readLines(URL,Charset,LineProcessor<T>)",1,1,1
"com.google.common.io.Resources.toByteArray(URL)",1,1,1
"com.google.common.io.Resources.toString(URL,Charset)",1,1,1
"com.google.common.math.BigIntegerMath.BigIntegerMath()",1,1,1
"com.google.common.math.BigIntegerMath.binomial(int,int)",2,4,6
"com.google.common.math.BigIntegerMath.divide(BigInteger,BigInteger,RoundingMode)",1,1,1
"com.google.common.math.BigIntegerMath.factorial(int)",2,5,6
"com.google.common.math.BigIntegerMath.fitsInLong(BigInteger)",1,1,1
"com.google.common.math.BigIntegerMath.isPowerOfTwo(BigInteger)",1,2,2
"com.google.common.math.BigIntegerMath.listProduct(List<BigInteger>)",1,1,1
"com.google.common.math.BigIntegerMath.listProduct(List<BigInteger>,int,int)",6,5,6
"com.google.common.math.BigIntegerMath.log10(BigInteger,RoundingMode)",5,9,12
"com.google.common.math.BigIntegerMath.log2(BigInteger,RoundingMode)",6,5,10
"com.google.common.math.BigIntegerMath.sqrt(BigInteger,RoundingMode)",5,8,9
"com.google.common.math.BigIntegerMath.sqrtApproxWithDoubles(BigInteger)",1,1,1
"com.google.common.math.BigIntegerMath.sqrtFloor(BigInteger)",2,3,4
"com.google.common.math.DoubleMath.DoubleMath()",1,1,1
"com.google.common.math.DoubleMath.factorial(int)",2,1,3
"com.google.common.math.DoubleMath.fuzzyCompare(double,double,double)",4,4,4
"com.google.common.math.DoubleMath.fuzzyEquals(double,double,double)",1,3,4
"com.google.common.math.DoubleMath.isMathematicalInteger(double)",1,3,3
"com.google.common.math.DoubleMath.isPowerOfTwo(double)",1,3,3
"com.google.common.math.DoubleMath.log2(double)",1,1,1
"com.google.common.math.DoubleMath.log2(double,RoundingMode)",3,5,11
"com.google.common.math.DoubleMath.roundIntermediate(double,RoundingMode)",15,10,18
"com.google.common.math.DoubleMath.roundToBigInteger(double,RoundingMode)",2,3,3
"com.google.common.math.DoubleMath.roundToInt(double,RoundingMode)",1,1,1
"com.google.common.math.DoubleMath.roundToLong(double,RoundingMode)",1,1,1
"com.google.common.math.DoubleUtils.DoubleUtils()",1,1,1
"com.google.common.math.DoubleUtils.bigToDouble(BigInteger)",3,5,6
"com.google.common.math.DoubleUtils.ensureNonNegative(double)",2,1,2
"com.google.common.math.DoubleUtils.getSignificand(double)",1,1,2
"com.google.common.math.DoubleUtils.isFinite(double)",1,1,1
"com.google.common.math.DoubleUtils.isNormal(double)",1,1,1
"com.google.common.math.DoubleUtils.nextDown(double)",1,1,1
"com.google.common.math.DoubleUtils.scaleNormalize(double)",1,1,1
"com.google.common.math.IntMath.IntMath()",1,1,1
"com.google.common.math.IntMath.binomial(int,int)",5,2,8
"com.google.common.math.IntMath.checkedAdd(int,int)",1,1,1
"com.google.common.math.IntMath.checkedMultiply(int,int)",1,1,1
"com.google.common.math.IntMath.checkedPow(int,int)",9,7,15
"com.google.common.math.IntMath.checkedSubtract(int,int)",1,1,1
"com.google.common.math.IntMath.divide(int,int,RoundingMode)",4,3,13
"com.google.common.math.IntMath.factorial(int)",1,1,2
"com.google.common.math.IntMath.gcd(int,int)",3,2,4
"com.google.common.math.IntMath.isPowerOfTwo(int)",1,1,1
"com.google.common.math.IntMath.log10(int,RoundingMode)",5,3,8
"com.google.common.math.IntMath.log10Floor(int)",1,1,1
"com.google.common.math.IntMath.log2(int,RoundingMode)",4,5,7
"com.google.common.math.IntMath.mean(int,int)",1,1,1
"com.google.common.math.IntMath.mod(int,int)",2,1,3
"com.google.common.math.IntMath.pow(int,int)",11,3,16
"com.google.common.math.IntMath.sqrt(int,RoundingMode)",4,3,8
"com.google.common.math.IntMath.sqrtFloor(int)",1,1,1
"com.google.common.math.LongMath.LongMath()",1,1,1
"com.google.common.math.LongMath.binomial(int,int)",2,3,8
"com.google.common.math.LongMath.checkedAdd(long,long)",1,1,1
"com.google.common.math.LongMath.checkedMultiply(long,long)",2,1,3
"com.google.common.math.LongMath.checkedPow(long,int)",10,8,16
"com.google.common.math.LongMath.checkedSubtract(long,long)",1,1,1
"com.google.common.math.LongMath.divide(long,long,RoundingMode)",3,3,11
"com.google.common.math.LongMath.factorial(int)",1,1,2
"com.google.common.math.LongMath.fitsInInt(long)",1,1,1
"com.google.common.math.LongMath.gcd(long,long)",3,2,4
"com.google.common.math.LongMath.isPowerOfTwo(long)",1,1,1
"com.google.common.math.LongMath.log10(long,RoundingMode)",6,4,9
"com.google.common.math.LongMath.log10Floor(long)",1,1,1
"com.google.common.math.LongMath.log2(long,RoundingMode)",4,5,7
"com.google.common.math.LongMath.mean(long,long)",1,1,1
"com.google.common.math.LongMath.mod(long,int)",1,1,1
"com.google.common.math.LongMath.mod(long,long)",2,1,3
"com.google.common.math.LongMath.pow(long,int)",12,3,18
"com.google.common.math.LongMath.sqrt(long,RoundingMode)",5,4,9
"com.google.common.math.LongMath.sqrtFloor(long)",2,1,3
"com.google.common.math.MathPreconditions.MathPreconditions()",1,1,1
"com.google.common.math.MathPreconditions.checkInRange(boolean)",2,1,2
"com.google.common.math.MathPreconditions.checkNoOverflow(boolean)",2,1,2
"com.google.common.math.MathPreconditions.checkNonNegative(String,BigInteger)",2,1,2
"com.google.common.math.MathPreconditions.checkNonNegative(String,double)",2,1,2
"com.google.common.math.MathPreconditions.checkNonNegative(String,int)",2,1,2
"com.google.common.math.MathPreconditions.checkNonNegative(String,long)",2,1,2
"com.google.common.math.MathPreconditions.checkPositive(String,BigInteger)",2,1,2
"com.google.common.math.MathPreconditions.checkPositive(String,int)",2,1,2
"com.google.common.math.MathPreconditions.checkPositive(String,long)",2,1,2
"com.google.common.math.MathPreconditions.checkRoundingUnnecessary(boolean)",2,1,2
"com.google.common.net.HostAndPort.HostAndPort(String,int,boolean)",1,1,1
"com.google.common.net.HostAndPort.equals(Object)",3,4,5
"com.google.common.net.HostAndPort.fromParts(String,int)",1,1,1
"com.google.common.net.HostAndPort.fromString(String)",2,5,6
"com.google.common.net.HostAndPort.getHostText()",1,1,1
"com.google.common.net.HostAndPort.getPort()",1,1,1
"com.google.common.net.HostAndPort.getPortOrDefault(int)",1,1,2
"com.google.common.net.HostAndPort.hasPort()",1,1,1
"com.google.common.net.HostAndPort.hashCode()",1,1,1
"com.google.common.net.HostAndPort.isValidPort(int)",1,1,2
"com.google.common.net.HostAndPort.requireBracketsForIPv6()",1,1,1
"com.google.common.net.HostAndPort.toString()",1,3,3
"com.google.common.net.HostAndPort.withDefaultPort(int)",2,2,3
"com.google.common.net.HostSpecifier.HostSpecifier(String)",1,1,1
"com.google.common.net.HostSpecifier.equals(Object)",3,2,3
"com.google.common.net.HostSpecifier.from(String)",1,2,2
"com.google.common.net.HostSpecifier.fromValid(String)",3,3,4
"com.google.common.net.HostSpecifier.hashCode()",1,1,1
"com.google.common.net.HostSpecifier.isValid(String)",1,1,2
"com.google.common.net.HostSpecifier.toString()",1,1,1
"com.google.common.net.HttpHeaders.HttpHeaders()",1,1,1
"com.google.common.net.InetAddresses.InetAddresses()",1,1,1
"com.google.common.net.InetAddresses.TeredoInfo.TeredoInfo(Inet4Address,Inet4Address,int,int)",1,1,3
"com.google.common.net.InetAddresses.TeredoInfo.getClient()",1,1,1
"com.google.common.net.InetAddresses.TeredoInfo.getFlags()",1,1,1
"com.google.common.net.InetAddresses.TeredoInfo.getPort()",1,1,1
"com.google.common.net.InetAddresses.TeredoInfo.getServer()",1,1,1
"com.google.common.net.InetAddresses.bytesToInetAddress(byte[])",1,1,2
"com.google.common.net.InetAddresses.coerceToInteger(InetAddress)",1,1,1
"com.google.common.net.InetAddresses.compressLongestRunOfZeroes(int[])",1,2,8
"com.google.common.net.InetAddresses.convertDottedQuadToHex(String)",2,1,2
"com.google.common.net.InetAddresses.forString(String)",2,2,2
"com.google.common.net.InetAddresses.forUriString(String)",2,4,5
"com.google.common.net.InetAddresses.fromInteger(int)",1,1,1
"com.google.common.net.InetAddresses.fromLittleEndianByteArray(byte[])",1,1,2
"com.google.common.net.InetAddresses.get6to4IPv4Address(Inet6Address)",1,1,1
"com.google.common.net.InetAddresses.getCoercedIPv4Address(InetAddress)",6,2,10
"com.google.common.net.InetAddresses.getCompatIPv4Address(Inet6Address)",1,1,1
"com.google.common.net.InetAddresses.getEmbeddedIPv4ClientAddress(Inet6Address)",4,4,4
"com.google.common.net.InetAddresses.getInet4Address(byte[])",1,1,1
"com.google.common.net.InetAddresses.getIsatapIPv4Address(Inet6Address)",1,1,1
"com.google.common.net.InetAddresses.getTeredoInfo(Inet6Address)",1,1,2
"com.google.common.net.InetAddresses.hasEmbeddedIPv4ClientAddress(Inet6Address)",1,3,3
"com.google.common.net.InetAddresses.hextetsToIPv6String(int[])",1,5,6
"com.google.common.net.InetAddresses.increment(InetAddress)",1,1,3
"com.google.common.net.InetAddresses.ipStringToBytes(String)",10,7,10
"com.google.common.net.InetAddresses.is6to4Address(Inet6Address)",1,1,2
"com.google.common.net.InetAddresses.isCompatIPv4Address(Inet6Address)",3,1,7
"com.google.common.net.InetAddresses.isInetAddress(String)",1,1,1
"com.google.common.net.InetAddresses.isIsatapAddress(Inet6Address)",3,1,5
"com.google.common.net.InetAddresses.isMappedIPv4Address(String)",6,1,7
"com.google.common.net.InetAddresses.isMaximum(InetAddress)",3,1,3
"com.google.common.net.InetAddresses.isTeredoAddress(Inet6Address)",1,1,4
"com.google.common.net.InetAddresses.isUriInetAddress(String)",1,1,2
"com.google.common.net.InetAddresses.parseHextet(String)",2,1,2
"com.google.common.net.InetAddresses.parseOctet(String)",2,3,4
"com.google.common.net.InetAddresses.textToNumericFormatV4(String)",2,2,4
"com.google.common.net.InetAddresses.textToNumericFormatV6(String)",9,8,17
"com.google.common.net.InetAddresses.toAddrString(InetAddress)",2,3,3
"com.google.common.net.InetAddresses.toUriString(InetAddress)",2,2,2
"com.google.common.net.InternetDomainName.InternetDomainName(String)",1,2,2
"com.google.common.net.InternetDomainName.ancestor(int)",1,1,1
"com.google.common.net.InternetDomainName.child(String)",1,1,1
"com.google.common.net.InternetDomainName.equals(Object)",3,2,3
"com.google.common.net.InternetDomainName.findPublicSuffix()",5,2,5
"com.google.common.net.InternetDomainName.from(String)",1,1,1
"com.google.common.net.InternetDomainName.fromLenient(String)",1,1,1
"com.google.common.net.InternetDomainName.hasParent()",1,1,1
"com.google.common.net.InternetDomainName.hasPublicSuffix()",1,1,1
"com.google.common.net.InternetDomainName.hashCode()",1,1,1
"com.google.common.net.InternetDomainName.isPublicSuffix()",1,1,1
"com.google.common.net.InternetDomainName.isTopPrivateDomain()",1,1,1
"com.google.common.net.InternetDomainName.isUnderPublicSuffix()",1,1,1
"com.google.common.net.InternetDomainName.isValid(String)",1,1,2
"com.google.common.net.InternetDomainName.isValidLenient(String)",1,1,1
"com.google.common.net.InternetDomainName.matchesWildcardPublicSuffix(String)",1,2,2
"com.google.common.net.InternetDomainName.name()",1,1,1
"com.google.common.net.InternetDomainName.parent()",1,1,1
"com.google.common.net.InternetDomainName.parts()",1,1,1
"com.google.common.net.InternetDomainName.publicSuffix()",1,2,2
"com.google.common.net.InternetDomainName.toString()",1,1,1
"com.google.common.net.InternetDomainName.topPrivateDomain()",2,1,2
"com.google.common.net.InternetDomainName.validatePart(String,boolean)",5,4,8
"com.google.common.net.InternetDomainName.validateSyntax(List<String>)",4,2,4
"com.google.common.net.MediaType.MediaType(String,String,ImmutableListMultimap<String, String>)",1,1,1
"com.google.common.net.MediaType.Tokenizer.Tokenizer(String)",1,1,1
"com.google.common.net.MediaType.Tokenizer.consumeCharacter(CharMatcher)",1,1,1
"com.google.common.net.MediaType.Tokenizer.consumeCharacter(char)",1,1,1
"com.google.common.net.MediaType.Tokenizer.consumeToken(CharMatcher)",1,1,1
"com.google.common.net.MediaType.Tokenizer.consumeTokenIfPresent(CharMatcher)",1,2,2
"com.google.common.net.MediaType.Tokenizer.hasMore()",1,2,2
"com.google.common.net.MediaType.Tokenizer.previewChar()",1,1,1
"com.google.common.net.MediaType.charset()",4,4,4
"com.google.common.net.MediaType.create(String,String)",1,1,1
"com.google.common.net.MediaType.create(String,String,Multimap<String, String>)",1,3,3
"com.google.common.net.MediaType.createApplicationType(String)",1,1,1
"com.google.common.net.MediaType.createAudioType(String)",1,1,1
"com.google.common.net.MediaType.createConstant(String,String)",1,1,1
"com.google.common.net.MediaType.createConstantUtf8(String,String)",1,1,1
"com.google.common.net.MediaType.createImageType(String)",1,1,1
"com.google.common.net.MediaType.createTextType(String)",1,1,1
"com.google.common.net.MediaType.createVideoType(String)",1,1,1
"com.google.common.net.MediaType.equals(Object)",3,5,5
"com.google.common.net.MediaType.escapeAndQuote(String)",1,3,5
"com.google.common.net.MediaType.hasWildcard()",1,2,2
"com.google.common.net.MediaType.hashCode()",1,1,1
"com.google.common.net.MediaType.is(MediaType)",1,5,5
"com.google.common.net.MediaType.normalizeParameterValue(String,String)",1,2,2
"com.google.common.net.MediaType.normalizeToken(String)",1,1,1
"com.google.common.net.MediaType.parameters()",1,1,1
"com.google.common.net.MediaType.parametersAsMap()",1,1,1
"com.google.common.net.MediaType.parse(String)",1,5,6
"com.google.common.net.MediaType.subtype()",1,1,1
"com.google.common.net.MediaType.toString()",1,3,3
"com.google.common.net.MediaType.type()",1,1,1
"com.google.common.net.MediaType.withCharset(Charset)",1,1,1
"com.google.common.net.MediaType.withParameter(String,String)",1,3,3
"com.google.common.net.MediaType.withParameters(Multimap<String, String>)",1,1,1
"com.google.common.net.MediaType.withoutParameters()",1,2,2
"com.google.common.net.TldPatterns.TldPatterns()",1,1,1
"com.google.common.primitives.AndroidInteger.AndroidInteger()",1,1,1
"com.google.common.primitives.AndroidInteger.tryParse(String)",1,1,1
"com.google.common.primitives.AndroidInteger.tryParse(String,int)",3,1,4
"com.google.common.primitives.AndroidInteger.tryParse(String,int,int,boolean)",8,2,9
"com.google.common.primitives.Booleans.BooleanArrayAsList.BooleanArrayAsList(boolean[])",1,1,1
"com.google.common.primitives.Booleans.BooleanArrayAsList.BooleanArrayAsList(boolean[],int,int)",1,1,1
"com.google.common.primitives.Booleans.BooleanArrayAsList.contains(Object)",1,2,2
"com.google.common.primitives.Booleans.BooleanArrayAsList.equals(Object)",6,2,6
"com.google.common.primitives.Booleans.BooleanArrayAsList.get(int)",1,1,1
"com.google.common.primitives.Booleans.BooleanArrayAsList.hashCode()",1,2,2
"com.google.common.primitives.Booleans.BooleanArrayAsList.indexOf(Object)",3,2,3
"com.google.common.primitives.Booleans.BooleanArrayAsList.isEmpty()",1,1,1
"com.google.common.primitives.Booleans.BooleanArrayAsList.lastIndexOf(Object)",3,2,3
"com.google.common.primitives.Booleans.BooleanArrayAsList.set(int,Boolean)",1,1,1
"com.google.common.primitives.Booleans.BooleanArrayAsList.size()",1,1,1
"com.google.common.primitives.Booleans.BooleanArrayAsList.subList(int,int)",2,2,2
"com.google.common.primitives.Booleans.BooleanArrayAsList.toBooleanArray()",1,1,1
"com.google.common.primitives.Booleans.BooleanArrayAsList.toString()",1,2,4
"com.google.common.primitives.Booleans.Booleans()",1,1,1
"com.google.common.primitives.Booleans.LexicographicalComparator.compare(boolean[],boolean[])",3,2,3
"com.google.common.primitives.Booleans.asList(boolean...)",2,2,2
"com.google.common.primitives.Booleans.compare(boolean,boolean)",1,1,3
"com.google.common.primitives.Booleans.concat(boolean[]...)",1,2,3
"com.google.common.primitives.Booleans.contains(boolean[],boolean)",3,1,3
"com.google.common.primitives.Booleans.copyOf(boolean[],int)",1,1,1
"com.google.common.primitives.Booleans.ensureCapacity(boolean[],int,int)",1,2,2
"com.google.common.primitives.Booleans.hashCode(boolean)",1,1,2
"com.google.common.primitives.Booleans.indexOf(boolean[],boolean)",1,1,1
"com.google.common.primitives.Booleans.indexOf(boolean[],boolean,int,int)",3,1,3
"com.google.common.primitives.Booleans.indexOf(boolean[],boolean[])",5,1,5
"com.google.common.primitives.Booleans.join(String,boolean...)",2,2,3
"com.google.common.primitives.Booleans.lastIndexOf(boolean[],boolean)",1,1,1
"com.google.common.primitives.Booleans.lastIndexOf(boolean[],boolean,int,int)",3,1,3
"com.google.common.primitives.Booleans.lexicographicalComparator()",1,1,1
"com.google.common.primitives.Booleans.toArray(Collection<Boolean>)",2,3,3
"com.google.common.primitives.Bytes.ByteArrayAsList.ByteArrayAsList(byte[])",1,1,1
"com.google.common.primitives.Bytes.ByteArrayAsList.ByteArrayAsList(byte[],int,int)",1,1,1
"com.google.common.primitives.Bytes.ByteArrayAsList.contains(Object)",1,2,2
"com.google.common.primitives.Bytes.ByteArrayAsList.equals(Object)",6,2,6
"com.google.common.primitives.Bytes.ByteArrayAsList.get(int)",1,1,1
"com.google.common.primitives.Bytes.ByteArrayAsList.hashCode()",1,2,2
"com.google.common.primitives.Bytes.ByteArrayAsList.indexOf(Object)",3,2,3
"com.google.common.primitives.Bytes.ByteArrayAsList.isEmpty()",1,1,1
"com.google.common.primitives.Bytes.ByteArrayAsList.lastIndexOf(Object)",3,2,3
"com.google.common.primitives.Bytes.ByteArrayAsList.set(int,Byte)",1,1,1
"com.google.common.primitives.Bytes.ByteArrayAsList.size()",1,1,1
"com.google.common.primitives.Bytes.ByteArrayAsList.subList(int,int)",2,2,2
"com.google.common.primitives.Bytes.ByteArrayAsList.toByteArray()",1,1,1
"com.google.common.primitives.Bytes.ByteArrayAsList.toString()",1,2,2
"com.google.common.primitives.Bytes.Bytes()",1,1,1
"com.google.common.primitives.Bytes.asList(byte...)",2,2,2
"com.google.common.primitives.Bytes.concat(byte[]...)",1,2,3
"com.google.common.primitives.Bytes.contains(byte[],byte)",3,1,3
"com.google.common.primitives.Bytes.copyOf(byte[],int)",1,1,1
"com.google.common.primitives.Bytes.ensureCapacity(byte[],int,int)",1,2,2
"com.google.common.primitives.Bytes.hashCode(byte)",1,1,1
"com.google.common.primitives.Bytes.indexOf(byte[],byte)",1,1,1
"com.google.common.primitives.Bytes.indexOf(byte[],byte,int,int)",3,1,3
"com.google.common.primitives.Bytes.indexOf(byte[],byte[])",5,1,5
"com.google.common.primitives.Bytes.lastIndexOf(byte[],byte)",1,1,1
"com.google.common.primitives.Bytes.lastIndexOf(byte[],byte,int,int)",3,1,3
"com.google.common.primitives.Bytes.toArray(Collection<? extends Number>)",2,3,3
"com.google.common.primitives.Chars.CharArrayAsList.CharArrayAsList(char[])",1,1,1
"com.google.common.primitives.Chars.CharArrayAsList.CharArrayAsList(char[],int,int)",1,1,1
"com.google.common.primitives.Chars.CharArrayAsList.contains(Object)",1,2,2
"com.google.common.primitives.Chars.CharArrayAsList.equals(Object)",6,2,6
"com.google.common.primitives.Chars.CharArrayAsList.get(int)",1,1,1
"com.google.common.primitives.Chars.CharArrayAsList.hashCode()",1,2,2
"com.google.common.primitives.Chars.CharArrayAsList.indexOf(Object)",3,2,3
"com.google.common.primitives.Chars.CharArrayAsList.isEmpty()",1,1,1
"com.google.common.primitives.Chars.CharArrayAsList.lastIndexOf(Object)",3,2,3
"com.google.common.primitives.Chars.CharArrayAsList.set(int,Character)",1,1,1
"com.google.common.primitives.Chars.CharArrayAsList.size()",1,1,1
"com.google.common.primitives.Chars.CharArrayAsList.subList(int,int)",2,2,2
"com.google.common.primitives.Chars.CharArrayAsList.toCharArray()",1,1,1
"com.google.common.primitives.Chars.CharArrayAsList.toString()",1,2,2
"com.google.common.primitives.Chars.Chars()",1,1,1
"com.google.common.primitives.Chars.LexicographicalComparator.compare(char[],char[])",3,2,3
"com.google.common.primitives.Chars.asList(char...)",2,2,2
"com.google.common.primitives.Chars.checkedCast(long)",1,1,1
"com.google.common.primitives.Chars.compare(char,char)",1,1,1
"com.google.common.primitives.Chars.concat(char[]...)",1,2,3
"com.google.common.primitives.Chars.contains(char[],char)",3,1,3
"com.google.common.primitives.Chars.copyOf(char[],int)",1,1,1
"com.google.common.primitives.Chars.ensureCapacity(char[],int,int)",1,2,2
"com.google.common.primitives.Chars.fromByteArray(byte[])",1,1,1
"com.google.common.primitives.Chars.fromBytes(byte,byte)",1,1,1
"com.google.common.primitives.Chars.hashCode(char)",1,1,1
"com.google.common.primitives.Chars.indexOf(char[],char)",1,1,1
"com.google.common.primitives.Chars.indexOf(char[],char,int,int)",3,1,3
"com.google.common.primitives.Chars.indexOf(char[],char[])",5,1,5
"com.google.common.primitives.Chars.join(String,char...)",2,2,3
"com.google.common.primitives.Chars.lastIndexOf(char[],char)",1,1,1
"com.google.common.primitives.Chars.lastIndexOf(char[],char,int,int)",3,1,3
"com.google.common.primitives.Chars.lexicographicalComparator()",1,1,1
"com.google.common.primitives.Chars.max(char...)",1,1,3
"com.google.common.primitives.Chars.min(char...)",1,1,3
"com.google.common.primitives.Chars.saturatedCast(long)",3,1,3
"com.google.common.primitives.Chars.toArray(Collection<Character>)",2,3,3
"com.google.common.primitives.Chars.toByteArray(char)",1,1,1
"com.google.common.primitives.Doubles.DoubleArrayAsList.DoubleArrayAsList(double[])",1,1,1
"com.google.common.primitives.Doubles.DoubleArrayAsList.DoubleArrayAsList(double[],int,int)",1,1,1
"com.google.common.primitives.Doubles.DoubleArrayAsList.contains(Object)",1,2,2
"com.google.common.primitives.Doubles.DoubleArrayAsList.equals(Object)",6,2,6
"com.google.common.primitives.Doubles.DoubleArrayAsList.get(int)",1,1,1
"com.google.common.primitives.Doubles.DoubleArrayAsList.hashCode()",1,2,2
"com.google.common.primitives.Doubles.DoubleArrayAsList.indexOf(Object)",3,2,3
"com.google.common.primitives.Doubles.DoubleArrayAsList.isEmpty()",1,1,1
"com.google.common.primitives.Doubles.DoubleArrayAsList.lastIndexOf(Object)",3,2,3
"com.google.common.primitives.Doubles.DoubleArrayAsList.set(int,Double)",1,1,1
"com.google.common.primitives.Doubles.DoubleArrayAsList.size()",1,1,1
"com.google.common.primitives.Doubles.DoubleArrayAsList.subList(int,int)",2,2,2
"com.google.common.primitives.Doubles.DoubleArrayAsList.toDoubleArray()",1,1,1
"com.google.common.primitives.Doubles.DoubleArrayAsList.toString()",1,2,2
"com.google.common.primitives.Doubles.Doubles()",1,1,1
"com.google.common.primitives.Doubles.LexicographicalComparator.compare(double[],double[])",3,2,3
"com.google.common.primitives.Doubles.asList(double...)",2,2,2
"com.google.common.primitives.Doubles.compare(double,double)",1,1,1
"com.google.common.primitives.Doubles.concat(double[]...)",1,2,3
"com.google.common.primitives.Doubles.contains(double[],double)",3,1,3
"com.google.common.primitives.Doubles.copyOf(double[],int)",1,1,1
"com.google.common.primitives.Doubles.ensureCapacity(double[],int,int)",1,2,2
"com.google.common.primitives.Doubles.fpPattern()",1,1,1
"com.google.common.primitives.Doubles.hashCode(double)",1,1,1
"com.google.common.primitives.Doubles.indexOf(double[],double)",1,1,1
"com.google.common.primitives.Doubles.indexOf(double[],double,int,int)",3,1,3
"com.google.common.primitives.Doubles.indexOf(double[],double[])",5,1,5
"com.google.common.primitives.Doubles.isFinite(double)",1,1,1
"com.google.common.primitives.Doubles.join(String,double...)",2,2,3
"com.google.common.primitives.Doubles.lastIndexOf(double[],double)",1,1,1
"com.google.common.primitives.Doubles.lastIndexOf(double[],double,int,int)",3,1,3
"com.google.common.primitives.Doubles.lexicographicalComparator()",1,1,1
"com.google.common.primitives.Doubles.max(double...)",1,2,2
"com.google.common.primitives.Doubles.min(double...)",1,2,2
"com.google.common.primitives.Doubles.toArray(Collection<? extends Number>)",2,3,3
"com.google.common.primitives.Doubles.tryParse(String)",2,2,3
"com.google.common.primitives.Floats.FloatArrayAsList.FloatArrayAsList(float[])",1,1,1
"com.google.common.primitives.Floats.FloatArrayAsList.FloatArrayAsList(float[],int,int)",1,1,1
"com.google.common.primitives.Floats.FloatArrayAsList.contains(Object)",1,2,2
"com.google.common.primitives.Floats.FloatArrayAsList.equals(Object)",6,2,6
"com.google.common.primitives.Floats.FloatArrayAsList.get(int)",1,1,1
"com.google.common.primitives.Floats.FloatArrayAsList.hashCode()",1,2,2
"com.google.common.primitives.Floats.FloatArrayAsList.indexOf(Object)",3,2,3
"com.google.common.primitives.Floats.FloatArrayAsList.isEmpty()",1,1,1
"com.google.common.primitives.Floats.FloatArrayAsList.lastIndexOf(Object)",3,2,3
"com.google.common.primitives.Floats.FloatArrayAsList.set(int,Float)",1,1,1
"com.google.common.primitives.Floats.FloatArrayAsList.size()",1,1,1
"com.google.common.primitives.Floats.FloatArrayAsList.subList(int,int)",2,2,2
"com.google.common.primitives.Floats.FloatArrayAsList.toFloatArray()",1,1,1
"com.google.common.primitives.Floats.FloatArrayAsList.toString()",1,2,2
"com.google.common.primitives.Floats.Floats()",1,1,1
"com.google.common.primitives.Floats.LexicographicalComparator.compare(float[],float[])",3,2,3
"com.google.common.primitives.Floats.asList(float...)",2,2,2
"com.google.common.primitives.Floats.compare(float,float)",1,1,1
"com.google.common.primitives.Floats.concat(float[]...)",1,2,3
"com.google.common.primitives.Floats.contains(float[],float)",3,1,3
"com.google.common.primitives.Floats.copyOf(float[],int)",1,1,1
"com.google.common.primitives.Floats.ensureCapacity(float[],int,int)",1,2,2
"com.google.common.primitives.Floats.hashCode(float)",1,1,1
"com.google.common.primitives.Floats.indexOf(float[],float)",1,1,1
"com.google.common.primitives.Floats.indexOf(float[],float,int,int)",3,1,3
"com.google.common.primitives.Floats.indexOf(float[],float[])",5,1,5
"com.google.common.primitives.Floats.isFinite(float)",1,1,1
"com.google.common.primitives.Floats.join(String,float...)",2,2,3
"com.google.common.primitives.Floats.lastIndexOf(float[],float)",1,1,1
"com.google.common.primitives.Floats.lastIndexOf(float[],float,int,int)",3,1,3
"com.google.common.primitives.Floats.lexicographicalComparator()",1,1,1
"com.google.common.primitives.Floats.max(float...)",1,2,2
"com.google.common.primitives.Floats.min(float...)",1,2,2
"com.google.common.primitives.Floats.toArray(Collection<? extends Number>)",2,3,3
"com.google.common.primitives.Floats.tryParse(String)",2,2,3
"com.google.common.primitives.Ints.IntArrayAsList.IntArrayAsList(int[])",1,1,1
"com.google.common.primitives.Ints.IntArrayAsList.IntArrayAsList(int[],int,int)",1,1,1
"com.google.common.primitives.Ints.IntArrayAsList.contains(Object)",1,2,2
"com.google.common.primitives.Ints.IntArrayAsList.equals(Object)",6,2,6
"com.google.common.primitives.Ints.IntArrayAsList.get(int)",1,1,1
"com.google.common.primitives.Ints.IntArrayAsList.hashCode()",1,2,2
"com.google.common.primitives.Ints.IntArrayAsList.indexOf(Object)",3,2,3
"com.google.common.primitives.Ints.IntArrayAsList.isEmpty()",1,1,1
"com.google.common.primitives.Ints.IntArrayAsList.lastIndexOf(Object)",3,2,3
"com.google.common.primitives.Ints.IntArrayAsList.set(int,Integer)",1,1,1
"com.google.common.primitives.Ints.IntArrayAsList.size()",1,1,1
"com.google.common.primitives.Ints.IntArrayAsList.subList(int,int)",2,2,2
"com.google.common.primitives.Ints.IntArrayAsList.toIntArray()",1,1,1
"com.google.common.primitives.Ints.IntArrayAsList.toString()",1,2,2
"com.google.common.primitives.Ints.Ints()",1,1,1
"com.google.common.primitives.Ints.LexicographicalComparator.compare(int[],int[])",3,2,3
"com.google.common.primitives.Ints.asList(int...)",2,2,2
"com.google.common.primitives.Ints.checkedCast(long)",1,1,1
"com.google.common.primitives.Ints.compare(int,int)",1,1,3
"com.google.common.primitives.Ints.concat(int[]...)",1,2,3
"com.google.common.primitives.Ints.contains(int[],int)",3,1,3
"com.google.common.primitives.Ints.copyOf(int[],int)",1,1,1
"com.google.common.primitives.Ints.ensureCapacity(int[],int,int)",1,2,2
"com.google.common.primitives.Ints.fromByteArray(byte[])",1,1,1
"com.google.common.primitives.Ints.fromBytes(byte,byte,byte,byte)",1,1,1
"com.google.common.primitives.Ints.hashCode(int)",1,1,1
"com.google.common.primitives.Ints.indexOf(int[],int)",1,1,1
"com.google.common.primitives.Ints.indexOf(int[],int,int,int)",3,1,3
"com.google.common.primitives.Ints.indexOf(int[],int[])",5,1,5
"com.google.common.primitives.Ints.join(String,int...)",2,2,3
"com.google.common.primitives.Ints.lastIndexOf(int[],int)",1,1,1
"com.google.common.primitives.Ints.lastIndexOf(int[],int,int,int)",3,1,3
"com.google.common.primitives.Ints.lexicographicalComparator()",1,1,1
"com.google.common.primitives.Ints.max(int...)",1,1,3
"com.google.common.primitives.Ints.min(int...)",1,1,3
"com.google.common.primitives.Ints.saturatedCast(long)",3,1,3
"com.google.common.primitives.Ints.toArray(Collection<? extends Number>)",2,3,3
"com.google.common.primitives.Ints.toByteArray(int)",1,1,1
"com.google.common.primitives.Ints.tryParse(String)",1,1,1
"com.google.common.primitives.Longs.LexicographicalComparator.compare(long[],long[])",3,2,3
"com.google.common.primitives.Longs.LongArrayAsList.LongArrayAsList(long[])",1,1,1
"com.google.common.primitives.Longs.LongArrayAsList.LongArrayAsList(long[],int,int)",1,1,1
"com.google.common.primitives.Longs.LongArrayAsList.contains(Object)",1,2,2
"com.google.common.primitives.Longs.LongArrayAsList.equals(Object)",6,2,6
"com.google.common.primitives.Longs.LongArrayAsList.get(int)",1,1,1
"com.google.common.primitives.Longs.LongArrayAsList.hashCode()",1,2,2
"com.google.common.primitives.Longs.LongArrayAsList.indexOf(Object)",3,2,3
"com.google.common.primitives.Longs.LongArrayAsList.isEmpty()",1,1,1
"com.google.common.primitives.Longs.LongArrayAsList.lastIndexOf(Object)",3,2,3
"com.google.common.primitives.Longs.LongArrayAsList.set(int,Long)",1,1,1
"com.google.common.primitives.Longs.LongArrayAsList.size()",1,1,1
"com.google.common.primitives.Longs.LongArrayAsList.subList(int,int)",2,2,2
"com.google.common.primitives.Longs.LongArrayAsList.toLongArray()",1,1,1
"com.google.common.primitives.Longs.LongArrayAsList.toString()",1,2,2
"com.google.common.primitives.Longs.Longs()",1,1,1
"com.google.common.primitives.Longs.asList(long...)",2,2,2
"com.google.common.primitives.Longs.compare(long,long)",1,1,3
"com.google.common.primitives.Longs.concat(long[]...)",1,2,3
"com.google.common.primitives.Longs.contains(long[],long)",3,1,3
"com.google.common.primitives.Longs.copyOf(long[],int)",1,1,1
"com.google.common.primitives.Longs.ensureCapacity(long[],int,int)",1,2,2
"com.google.common.primitives.Longs.fromByteArray(byte[])",1,1,1
"com.google.common.primitives.Longs.fromBytes(byte,byte,byte,byte,byte,byte,byte,byte)",1,1,1
"com.google.common.primitives.Longs.hashCode(long)",1,1,1
"com.google.common.primitives.Longs.indexOf(long[],long)",1,1,1
"com.google.common.primitives.Longs.indexOf(long[],long,int,int)",3,1,3
"com.google.common.primitives.Longs.indexOf(long[],long[])",5,1,5
"com.google.common.primitives.Longs.join(String,long...)",2,2,3
"com.google.common.primitives.Longs.lastIndexOf(long[],long)",1,1,1
"com.google.common.primitives.Longs.lastIndexOf(long[],long,int,int)",3,1,3
"com.google.common.primitives.Longs.lexicographicalComparator()",1,1,1
"com.google.common.primitives.Longs.max(long...)",1,1,3
"com.google.common.primitives.Longs.min(long...)",1,1,3
"com.google.common.primitives.Longs.toArray(Collection<? extends Number>)",2,3,3
"com.google.common.primitives.Longs.toByteArray(long)",1,1,2
"com.google.common.primitives.ParseRequest.ParseRequest(String,int)",1,1,1
"com.google.common.primitives.ParseRequest.fromString(String)",2,6,7
"com.google.common.primitives.Primitives.Primitives()",1,1,1
"com.google.common.primitives.Primitives.add(Map<Class<?>, Class<?>>,Map<Class<?>, Class<?>>,Class<?>,Class<?>)",1,1,1
"com.google.common.primitives.Primitives.allPrimitiveTypes()",1,1,1
"com.google.common.primitives.Primitives.allWrapperTypes()",1,1,1
"com.google.common.primitives.Primitives.isWrapperType(Class<?>)",1,1,1
"com.google.common.primitives.Primitives.unwrap(Class<T>)",1,1,2
"com.google.common.primitives.Primitives.wrap(Class<T>)",1,1,2
"com.google.common.primitives.Shorts.LexicographicalComparator.compare(short[],short[])",3,2,3
"com.google.common.primitives.Shorts.ShortArrayAsList.ShortArrayAsList(short[])",1,1,1
"com.google.common.primitives.Shorts.ShortArrayAsList.ShortArrayAsList(short[],int,int)",1,1,1
"com.google.common.primitives.Shorts.ShortArrayAsList.contains(Object)",1,2,2
"com.google.common.primitives.Shorts.ShortArrayAsList.equals(Object)",6,2,6
"com.google.common.primitives.Shorts.ShortArrayAsList.get(int)",1,1,1
"com.google.common.primitives.Shorts.ShortArrayAsList.hashCode()",1,2,2
"com.google.common.primitives.Shorts.ShortArrayAsList.indexOf(Object)",3,2,3
"com.google.common.primitives.Shorts.ShortArrayAsList.isEmpty()",1,1,1
"com.google.common.primitives.Shorts.ShortArrayAsList.lastIndexOf(Object)",3,2,3
"com.google.common.primitives.Shorts.ShortArrayAsList.set(int,Short)",1,1,1
"com.google.common.primitives.Shorts.ShortArrayAsList.size()",1,1,1
"com.google.common.primitives.Shorts.ShortArrayAsList.subList(int,int)",2,2,2
"com.google.common.primitives.Shorts.ShortArrayAsList.toShortArray()",1,1,1
"com.google.common.primitives.Shorts.ShortArrayAsList.toString()",1,2,2
"com.google.common.primitives.Shorts.Shorts()",1,1,1
"com.google.common.primitives.Shorts.asList(short...)",2,2,2
"com.google.common.primitives.Shorts.checkedCast(long)",1,1,1
"com.google.common.primitives.Shorts.compare(short,short)",1,1,1
"com.google.common.primitives.Shorts.concat(short[]...)",1,2,3
"com.google.common.primitives.Shorts.contains(short[],short)",3,1,3
"com.google.common.primitives.Shorts.copyOf(short[],int)",1,1,1
"com.google.common.primitives.Shorts.ensureCapacity(short[],int,int)",1,2,2
"com.google.common.primitives.Shorts.fromByteArray(byte[])",1,1,1
"com.google.common.primitives.Shorts.fromBytes(byte,byte)",1,1,1
"com.google.common.primitives.Shorts.hashCode(short)",1,1,1
"com.google.common.primitives.Shorts.indexOf(short[],short)",1,1,1
"com.google.common.primitives.Shorts.indexOf(short[],short,int,int)",3,1,3
"com.google.common.primitives.Shorts.indexOf(short[],short[])",5,1,5
"com.google.common.primitives.Shorts.join(String,short...)",2,2,3
"com.google.common.primitives.Shorts.lastIndexOf(short[],short)",1,1,1
"com.google.common.primitives.Shorts.lastIndexOf(short[],short,int,int)",3,1,3
"com.google.common.primitives.Shorts.lexicographicalComparator()",1,1,1
"com.google.common.primitives.Shorts.max(short...)",1,1,3
"com.google.common.primitives.Shorts.min(short...)",1,1,3
"com.google.common.primitives.Shorts.saturatedCast(long)",3,1,3
"com.google.common.primitives.Shorts.toArray(Collection<? extends Number>)",2,3,3
"com.google.common.primitives.Shorts.toByteArray(short)",1,1,1
"com.google.common.primitives.SignedBytes.LexicographicalComparator.compare(byte[],byte[])",3,2,3
"com.google.common.primitives.SignedBytes.SignedBytes()",1,1,1
"com.google.common.primitives.SignedBytes.checkedCast(long)",1,1,1
"com.google.common.primitives.SignedBytes.compare(byte,byte)",1,1,1
"com.google.common.primitives.SignedBytes.join(String,byte...)",2,2,3
"com.google.common.primitives.SignedBytes.lexicographicalComparator()",1,1,1
"com.google.common.primitives.SignedBytes.max(byte...)",1,1,3
"com.google.common.primitives.SignedBytes.min(byte...)",1,1,3
"com.google.common.primitives.SignedBytes.saturatedCast(long)",3,1,3
"com.google.common.primitives.UnsignedBytes.LexicographicalComparatorHolder.PureJavaComparator.compare(byte[],byte[])",3,2,3
"com.google.common.primitives.UnsignedBytes.LexicographicalComparatorHolder.UnsafeComparator.compare(byte[],byte[])",6,5,9
"com.google.common.primitives.UnsignedBytes.LexicographicalComparatorHolder.getBestComparator()",1,2,2
"com.google.common.primitives.UnsignedBytes.UnsignedBytes()",1,1,1
"com.google.common.primitives.UnsignedBytes.checkedCast(long)",1,1,1
"com.google.common.primitives.UnsignedBytes.compare(byte,byte)",1,1,1
"com.google.common.primitives.UnsignedBytes.join(String,byte...)",2,2,3
"com.google.common.primitives.UnsignedBytes.lexicographicalComparator()",1,1,1
"com.google.common.primitives.UnsignedBytes.lexicographicalComparatorJavaImpl()",1,1,1
"com.google.common.primitives.UnsignedBytes.max(byte...)",1,2,3
"com.google.common.primitives.UnsignedBytes.min(byte...)",1,2,3
"com.google.common.primitives.UnsignedBytes.parseUnsignedByte(String)",1,1,1
"com.google.common.primitives.UnsignedBytes.parseUnsignedByte(String,int)",2,1,2
"com.google.common.primitives.UnsignedBytes.saturatedCast(long)",3,1,3
"com.google.common.primitives.UnsignedBytes.toInt(byte)",1,1,1
"com.google.common.primitives.UnsignedBytes.toString(byte)",1,1,1
"com.google.common.primitives.UnsignedBytes.toString(byte,int)",1,1,2
"com.google.common.primitives.UnsignedInteger.UnsignedInteger(int)",1,1,1
"com.google.common.primitives.UnsignedInteger.add(UnsignedInteger)",1,1,1
"com.google.common.primitives.UnsignedInteger.asUnsigned(int)",1,1,1
"com.google.common.primitives.UnsignedInteger.bigIntegerValue()",1,1,1
"com.google.common.primitives.UnsignedInteger.compareTo(UnsignedInteger)",1,1,1
"com.google.common.primitives.UnsignedInteger.divide(UnsignedInteger)",1,1,1
"com.google.common.primitives.UnsignedInteger.doubleValue()",1,1,1
"com.google.common.primitives.UnsignedInteger.equals(Object)",2,1,2
"com.google.common.primitives.UnsignedInteger.floatValue()",1,1,1
"com.google.common.primitives.UnsignedInteger.hashCode()",1,1,1
"com.google.common.primitives.UnsignedInteger.intValue()",1,1,1
"com.google.common.primitives.UnsignedInteger.longValue()",1,1,1
"com.google.common.primitives.UnsignedInteger.multiply(UnsignedInteger)",1,1,1
"com.google.common.primitives.UnsignedInteger.remainder(UnsignedInteger)",1,1,1
"com.google.common.primitives.UnsignedInteger.subtract(UnsignedInteger)",1,1,1
"com.google.common.primitives.UnsignedInteger.toString()",1,1,1
"com.google.common.primitives.UnsignedInteger.toString(int)",1,1,1
"com.google.common.primitives.UnsignedInteger.valueOf(BigInteger)",1,2,2
"com.google.common.primitives.UnsignedInteger.valueOf(String)",1,1,1
"com.google.common.primitives.UnsignedInteger.valueOf(String,int)",1,1,1
"com.google.common.primitives.UnsignedInteger.valueOf(long)",1,1,1
"com.google.common.primitives.UnsignedInts.LexicographicalComparator.compare(int[],int[])",3,3,3
"com.google.common.primitives.UnsignedInts.UnsignedInts()",1,1,1
"com.google.common.primitives.UnsignedInts.compare(int,int)",1,1,1
"com.google.common.primitives.UnsignedInts.decode(String)",1,2,2
"com.google.common.primitives.UnsignedInts.divide(int,int)",1,1,1
"com.google.common.primitives.UnsignedInts.flip(int)",1,1,1
"com.google.common.primitives.UnsignedInts.join(String,int...)",2,2,3
"com.google.common.primitives.UnsignedInts.lexicographicalComparator()",1,1,1
"com.google.common.primitives.UnsignedInts.max(int...)",1,2,3
"com.google.common.primitives.UnsignedInts.min(int...)",1,2,3
"com.google.common.primitives.UnsignedInts.parseUnsignedInt(String)",1,1,1
"com.google.common.primitives.UnsignedInts.parseUnsignedInt(String,int)",2,1,2
"com.google.common.primitives.UnsignedInts.remainder(int,int)",1,1,1
"com.google.common.primitives.UnsignedInts.toLong(int)",1,1,1
"com.google.common.primitives.UnsignedInts.toString(int)",1,1,1
"com.google.common.primitives.UnsignedInts.toString(int,int)",1,1,1
"com.google.common.primitives.UnsignedLong.UnsignedLong(long)",1,1,1
"com.google.common.primitives.UnsignedLong.add(UnsignedLong)",1,1,1
"com.google.common.primitives.UnsignedLong.asUnsigned(long)",1,1,1
"com.google.common.primitives.UnsignedLong.bigIntegerValue()",1,2,2
"com.google.common.primitives.UnsignedLong.compareTo(UnsignedLong)",1,1,1
"com.google.common.primitives.UnsignedLong.divide(UnsignedLong)",1,1,1
"com.google.common.primitives.UnsignedLong.doubleValue()",1,1,2
"com.google.common.primitives.UnsignedLong.equals(Object)",2,1,2
"com.google.common.primitives.UnsignedLong.floatValue()",1,1,2
"com.google.common.primitives.UnsignedLong.hashCode()",1,1,1
"com.google.common.primitives.UnsignedLong.intValue()",1,1,1
"com.google.common.primitives.UnsignedLong.longValue()",1,1,1
"com.google.common.primitives.UnsignedLong.multiply(UnsignedLong)",1,1,1
"com.google.common.primitives.UnsignedLong.remainder(UnsignedLong)",1,1,1
"com.google.common.primitives.UnsignedLong.subtract(UnsignedLong)",1,1,1
"com.google.common.primitives.UnsignedLong.toString()",1,1,1
"com.google.common.primitives.UnsignedLong.toString(int)",1,1,1
"com.google.common.primitives.UnsignedLong.valueOf(BigInteger)",1,2,2
"com.google.common.primitives.UnsignedLong.valueOf(String)",1,1,1
"com.google.common.primitives.UnsignedLong.valueOf(String,int)",1,1,1
"com.google.common.primitives.UnsignedLong_CustomFieldSerializer.deserialize(SerializationStreamReader,UnsignedLong)",1,1,1
"com.google.common.primitives.UnsignedLong_CustomFieldSerializer.instantiate(SerializationStreamReader)",1,1,1
"com.google.common.primitives.UnsignedLong_CustomFieldSerializer.serialize(SerializationStreamWriter,UnsignedLong)",1,1,1
"com.google.common.primitives.UnsignedLongs.LexicographicalComparator.compare(long[],long[])",3,3,3
"com.google.common.primitives.UnsignedLongs.UnsignedLongs()",1,1,1
"com.google.common.primitives.UnsignedLongs.compare(long,long)",1,1,1
"com.google.common.primitives.UnsignedLongs.decode(String)",1,2,2
"com.google.common.primitives.UnsignedLongs.divide(long,long)",4,2,5
"com.google.common.primitives.UnsignedLongs.flip(long)",1,1,1
"com.google.common.primitives.UnsignedLongs.join(String,long...)",2,2,3
"com.google.common.primitives.UnsignedLongs.lexicographicalComparator()",1,1,1
"com.google.common.primitives.UnsignedLongs.max(long...)",1,2,3
"com.google.common.primitives.UnsignedLongs.min(long...)",1,2,3
"com.google.common.primitives.UnsignedLongs.overflowInParse(long,int,int)",4,1,4
"com.google.common.primitives.UnsignedLongs.parseUnsignedLong(String)",1,1,1
"com.google.common.primitives.UnsignedLongs.parseUnsignedLong(String,int)",6,3,8
"com.google.common.primitives.UnsignedLongs.remainder(long,long)",4,2,5
"com.google.common.primitives.UnsignedLongs.toString(long)",1,1,1
"com.google.common.primitives.UnsignedLongs.toString(long,int)",2,4,5
"com.google.common.reflect.AbstractInvocationHandler.invoke(Object,Method,Object[])",4,7,9
"com.google.common.reflect.AbstractInvocationHandler.toString()",1,1,1
"com.google.common.reflect.ImmutableTypeToInstanceMap.Builder.Builder()",1,1,1
"com.google.common.reflect.ImmutableTypeToInstanceMap.Builder.build()",1,1,1
"com.google.common.reflect.ImmutableTypeToInstanceMap.Builder.put(Class<T>,T)",1,1,1
"com.google.common.reflect.ImmutableTypeToInstanceMap.Builder.put(TypeToken<T>,T)",1,1,1
"com.google.common.reflect.ImmutableTypeToInstanceMap.ImmutableTypeToInstanceMap(ImmutableMap<TypeToken<? extends B>, B>)",1,1,1
"com.google.common.reflect.ImmutableTypeToInstanceMap.builder()",1,1,1
"com.google.common.reflect.ImmutableTypeToInstanceMap.delegate()",1,1,1
"com.google.common.reflect.ImmutableTypeToInstanceMap.getInstance(Class<T>)",1,1,1
"com.google.common.reflect.ImmutableTypeToInstanceMap.getInstance(TypeToken<T>)",1,1,1
"com.google.common.reflect.ImmutableTypeToInstanceMap.of()",1,1,1
"com.google.common.reflect.ImmutableTypeToInstanceMap.putInstance(Class<T>,T)",1,1,1
"com.google.common.reflect.ImmutableTypeToInstanceMap.putInstance(TypeToken<T>,T)",1,1,1
"com.google.common.reflect.ImmutableTypeToInstanceMap.trustedGet(TypeToken<T>)",1,1,1
"com.google.common.reflect.MutableTypeToInstanceMap.delegate()",1,1,1
"com.google.common.reflect.MutableTypeToInstanceMap.getInstance(Class<T>)",1,1,1
"com.google.common.reflect.MutableTypeToInstanceMap.getInstance(TypeToken<T>)",1,1,1
"com.google.common.reflect.MutableTypeToInstanceMap.put(TypeToken<? extends B>,B)",1,1,1
"com.google.common.reflect.MutableTypeToInstanceMap.putAll(Map<? extends TypeToken<? extends B>, ? extends B>)",1,1,1
"com.google.common.reflect.MutableTypeToInstanceMap.putInstance(Class<T>,T)",1,1,1
"com.google.common.reflect.MutableTypeToInstanceMap.putInstance(TypeToken<T>,T)",1,1,1
"com.google.common.reflect.MutableTypeToInstanceMap.trustedGet(TypeToken<T>)",1,1,1
"com.google.common.reflect.MutableTypeToInstanceMap.trustedPut(TypeToken<T>,T)",1,1,1
"com.google.common.reflect.Reflection.Reflection()",1,1,1
"com.google.common.reflect.Reflection.getPackageName(Class<?>)",1,1,1
"com.google.common.reflect.Reflection.getPackageName(String)",1,2,2
"com.google.common.reflect.Reflection.initialize(Class<?>...)",2,2,3
"com.google.common.reflect.Reflection.newProxy(Class<T>,InvocationHandler)",1,1,1
"com.google.common.reflect.TypeCapture.capture()",1,1,1
"com.google.common.reflect.TypeParameter.TypeParameter()",1,1,1
"com.google.common.reflect.TypeParameter.TypeParameter(TypeVariable<?>)",1,1,1
"com.google.common.reflect.TypeParameter.equals(Object)",2,2,2
"com.google.common.reflect.TypeParameter.hashCode()",1,1,1
"com.google.common.reflect.TypeParameter.toString()",1,1,1
"com.google.common.reflect.TypeResolver.TypeMappingIntrospector.getTypeMappings(Type)",1,1,1
"com.google.common.reflect.TypeResolver.TypeMappingIntrospector.introspect(Type)",2,7,8
"com.google.common.reflect.TypeResolver.TypeMappingIntrospector.introspectClass(Class<?>)",1,2,2
"com.google.common.reflect.TypeResolver.TypeMappingIntrospector.introspectParameterizedType(ParameterizedType)",1,2,2
"com.google.common.reflect.TypeResolver.TypeMappingIntrospector.map(TypeVariable<?>,Type)",4,3,5
"com.google.common.reflect.TypeResolver.TypeResolver()",1,1,1
"com.google.common.reflect.TypeResolver.TypeResolver(ImmutableMap<TypeVariable<?>, Type>)",1,1,1
"com.google.common.reflect.TypeResolver.WildcardCapturer.capture(Type)",7,5,7
"com.google.common.reflect.TypeResolver.WildcardCapturer.capture(Type[])",1,2,2
"com.google.common.reflect.TypeResolver.WildcardCapturer.captureNullable(Type)",2,1,2
"com.google.common.reflect.TypeResolver.accordingTo(Type)",1,1,1
"com.google.common.reflect.TypeResolver.checkNonNullArgument(T,String,Object...)",1,1,1
"com.google.common.reflect.TypeResolver.expectArgument(Class<T>,Object)",1,2,2
"com.google.common.reflect.TypeResolver.populateTypeMappings(Map<TypeVariable<?>, Type>,Type,Type)",6,8,10
"com.google.common.reflect.TypeResolver.resolveGenericArrayType(GenericArrayType)",1,1,1
"com.google.common.reflect.TypeResolver.resolveParameterizedType(ParameterizedType)",1,3,3
"com.google.common.reflect.TypeResolver.resolveType(Type)",5,5,5
"com.google.common.reflect.TypeResolver.resolveTypeVariable(TypeVariable<?>)",2,1,2
"com.google.common.reflect.TypeResolver.resolveTypeVariable(TypeVariable<?>,TypeResolver)",3,2,3
"com.google.common.reflect.TypeResolver.resolveTypes(Type[])",1,2,2
"com.google.common.reflect.TypeResolver.where(Map<? extends TypeVariable<?>, ? extends Type>)",1,2,2
"com.google.common.reflect.TypeResolver.where(Type,Type)",1,1,1
"com.google.common.reflect.TypeToken.ClassSet.classes()",1,1,1
"com.google.common.reflect.TypeToken.ClassSet.delegate()",2,2,2
"com.google.common.reflect.TypeToken.ClassSet.interfaces()",1,1,1
"com.google.common.reflect.TypeToken.ClassSet.rawTypes()",1,1,1
"com.google.common.reflect.TypeToken.ClassSet.readResolve()",1,1,1
"com.google.common.reflect.TypeToken.InterfaceSet.InterfaceSet(TypeSet)",1,1,1
"com.google.common.reflect.TypeToken.InterfaceSet.classes()",1,1,1
"com.google.common.reflect.TypeToken.InterfaceSet.delegate()",2,2,2
"com.google.common.reflect.TypeToken.InterfaceSet.interfaces()",1,1,1
"com.google.common.reflect.TypeToken.InterfaceSet.rawTypes()",1,1,1
"com.google.common.reflect.TypeToken.InterfaceSet.readResolve()",1,1,1
"com.google.common.reflect.TypeToken.SimpleTypeToken.SimpleTypeToken(Type)",1,1,1
"com.google.common.reflect.TypeToken.TypeCollector.ForwardingTypeCollector.ForwardingTypeCollector(TypeCollector<K>)",1,1,1
"com.google.common.reflect.TypeToken.TypeCollector.ForwardingTypeCollector.getInterfaces(K)",1,1,1
"com.google.common.reflect.TypeToken.TypeCollector.ForwardingTypeCollector.getRawType(K)",1,1,1
"com.google.common.reflect.TypeToken.TypeCollector.ForwardingTypeCollector.getSuperclass(K)",1,1,1
"com.google.common.reflect.TypeToken.TypeCollector.classesOnly()",1,3,3
"com.google.common.reflect.TypeToken.TypeCollector.collectTypes(Iterable<? extends K>)",1,2,2
"com.google.common.reflect.TypeToken.TypeCollector.collectTypes(K)",1,1,1
"com.google.common.reflect.TypeToken.TypeCollector.collectTypes(K,Map<? super K, Integer>)",2,3,5
"com.google.common.reflect.TypeToken.TypeCollector.sortKeysByValue(Map<K, V>,Comparator<? super V>)",1,1,1
"com.google.common.reflect.TypeToken.TypeSet.TypeSet()",1,1,1
"com.google.common.reflect.TypeToken.TypeSet.classes()",1,1,1
"com.google.common.reflect.TypeToken.TypeSet.delegate()",2,2,2
"com.google.common.reflect.TypeToken.TypeSet.interfaces()",1,1,1
"com.google.common.reflect.TypeToken.TypeSet.rawTypes()",1,1,1
"com.google.common.reflect.TypeToken.TypeToken()",1,1,1
"com.google.common.reflect.TypeToken.TypeToken(Class<?>)",1,2,2
"com.google.common.reflect.TypeToken.TypeToken(Type)",1,1,1
"com.google.common.reflect.TypeToken.boundAsSuperclass(Type)",2,1,2
"com.google.common.reflect.TypeToken.boundsAsInterfaces(Type[])",1,3,3
"com.google.common.reflect.TypeToken.equals(Object)",2,2,2
"com.google.common.reflect.TypeToken.getArraySubtype(Class<?>)",1,1,1
"com.google.common.reflect.TypeToken.getArraySupertype(Class<? super T>)",1,1,1
"com.google.common.reflect.TypeToken.getComponentType()",2,1,2
"com.google.common.reflect.TypeToken.getGenericInterfaces()",3,4,4
"com.google.common.reflect.TypeToken.getGenericSuperclass()",4,3,4
"com.google.common.reflect.TypeToken.getImmediateRawTypes()",1,1,1
"com.google.common.reflect.TypeToken.getRawType()",1,1,1
"com.google.common.reflect.TypeToken.getRawType(Type)",1,1,1
"com.google.common.reflect.TypeToken.getRawTypes(Type)",6,6,6
"com.google.common.reflect.TypeToken.getRawTypes(Type[])",1,2,2
"com.google.common.reflect.TypeToken.getSubtype(Class<?>)",3,3,3
"com.google.common.reflect.TypeToken.getSubtypeFromLowerBounds(Class<?>,Type[])",2,2,2
"com.google.common.reflect.TypeToken.getSupertype(Class<? super T>)",4,4,4
"com.google.common.reflect.TypeToken.getSupertypeFromUpperBounds(Class<? super T>,Type[])",3,3,3
"com.google.common.reflect.TypeToken.getType()",1,1,1
"com.google.common.reflect.TypeToken.getTypes()",1,1,1
"com.google.common.reflect.TypeToken.hashCode()",1,1,1
"com.google.common.reflect.TypeToken.isArray()",1,1,1
"com.google.common.reflect.TypeToken.isAssignable(Type,Type)",9,8,9
"com.google.common.reflect.TypeToken.isAssignableBySubtypeBound(Type,WildcardType)",3,1,3
"com.google.common.reflect.TypeToken.isAssignableFrom(Type)",1,1,1
"com.google.common.reflect.TypeToken.isAssignableFrom(TypeToken<?>)",1,1,1
"com.google.common.reflect.TypeToken.isAssignableFromAny(Type[],Type)",3,2,3
"com.google.common.reflect.TypeToken.isAssignableFromGenericArrayType(GenericArrayType,Type)",4,3,4
"com.google.common.reflect.TypeToken.isAssignableToClass(Type,Class<?>)",1,1,1
"com.google.common.reflect.TypeToken.isAssignableToGenericArrayType(Type,GenericArrayType)",4,3,4
"com.google.common.reflect.TypeToken.isAssignableToParameterizedType(Type,ParameterizedType)",4,2,4
"com.google.common.reflect.TypeToken.isAssignableToWildcardType(Type,WildcardType)",1,2,2
"com.google.common.reflect.TypeToken.matchTypeArgument(Type,Type)",3,2,3
"com.google.common.reflect.TypeToken.newArrayClassOrGenericArrayType(Type)",1,1,1
"com.google.common.reflect.TypeToken.of(Class<T>)",1,1,1
"com.google.common.reflect.TypeToken.of(Type)",1,1,1
"com.google.common.reflect.TypeToken.rejectTypeVariables()",1,1,1
"com.google.common.reflect.TypeToken.resolveSupertype(Type)",1,1,1
"com.google.common.reflect.TypeToken.resolveType(Type)",1,2,2
"com.google.common.reflect.TypeToken.resolveTypeArgsForSubclass(Class<?>)",2,1,2
"com.google.common.reflect.TypeToken.subtypeBound(Type)",2,2,2
"com.google.common.reflect.TypeToken.subtypeBound(WildcardType)",3,2,3
"com.google.common.reflect.TypeToken.supertypeBound(Type)",2,2,2
"com.google.common.reflect.TypeToken.supertypeBound(WildcardType)",3,2,3
"com.google.common.reflect.TypeToken.toGenericType(Class<T>)",3,3,3
"com.google.common.reflect.TypeToken.toString()",1,1,1
"com.google.common.reflect.TypeToken.where(TypeParameter<X>,Class<X>)",1,1,1
"com.google.common.reflect.TypeToken.where(TypeParameter<X>,TypeToken<X>)",1,1,1
"com.google.common.reflect.TypeToken.writeReplace()",1,1,1
"com.google.common.reflect.Types.ClassOwnership.detectJvmBehavior()",3,2,3
"com.google.common.reflect.Types.GenericArrayTypeImpl.GenericArrayTypeImpl(Type)",1,1,1
"com.google.common.reflect.Types.GenericArrayTypeImpl.equals(Object)",2,2,2
"com.google.common.reflect.Types.GenericArrayTypeImpl.getGenericComponentType()",1,1,1
"com.google.common.reflect.Types.GenericArrayTypeImpl.hashCode()",1,1,1
"com.google.common.reflect.Types.GenericArrayTypeImpl.toString()",1,1,1
"com.google.common.reflect.Types.JavaVersion.usedInGenericType(Type[])",1,2,2
"com.google.common.reflect.Types.ParameterizedTypeImpl.ParameterizedTypeImpl(Type,Class<?>,Type[])",1,1,1
"com.google.common.reflect.Types.ParameterizedTypeImpl.equals(Object)",2,3,4
"com.google.common.reflect.Types.ParameterizedTypeImpl.getActualTypeArguments()",1,1,1
"com.google.common.reflect.Types.ParameterizedTypeImpl.getOwnerType()",1,1,1
"com.google.common.reflect.Types.ParameterizedTypeImpl.getRawType()",1,1,1
"com.google.common.reflect.Types.ParameterizedTypeImpl.hashCode()",1,2,2
"com.google.common.reflect.Types.ParameterizedTypeImpl.toString()",1,2,2
"com.google.common.reflect.Types.TypeVariableImpl.TypeVariableImpl(D,String,Type[])",1,1,1
"com.google.common.reflect.Types.TypeVariableImpl.equals(Object)",2,3,3
"com.google.common.reflect.Types.TypeVariableImpl.getBounds()",1,1,1
"com.google.common.reflect.Types.TypeVariableImpl.getGenericDeclaration()",1,1,1
"com.google.common.reflect.Types.TypeVariableImpl.getName()",1,1,1
"com.google.common.reflect.Types.TypeVariableImpl.hashCode()",1,1,1
"com.google.common.reflect.Types.TypeVariableImpl.toString()",1,1,1
"com.google.common.reflect.Types.Types()",1,1,1
"com.google.common.reflect.Types.WildcardTypeImpl.WildcardTypeImpl(Type[],Type[])",1,1,1
"com.google.common.reflect.Types.WildcardTypeImpl.equals(Object)",2,3,3
"com.google.common.reflect.Types.WildcardTypeImpl.getLowerBounds()",1,1,1
"com.google.common.reflect.Types.WildcardTypeImpl.getUpperBounds()",1,1,1
"com.google.common.reflect.Types.WildcardTypeImpl.hashCode()",1,1,1
"com.google.common.reflect.Types.WildcardTypeImpl.toString()",1,3,3
"com.google.common.reflect.Types.containsTypeVariable(Type)",5,5,6
"com.google.common.reflect.Types.containsTypeVariable(Type[])",3,2,3
"com.google.common.reflect.Types.disallowPrimitiveType(Type[],String)",1,3,3
"com.google.common.reflect.Types.filterUpperBounds(Iterable<Type>)",1,1,1
"com.google.common.reflect.Types.getArrayClass(Class<?>)",1,1,1
"com.google.common.reflect.Types.getComponentType(Type)",5,5,5
"com.google.common.reflect.Types.newArrayType(Type)",3,3,3
"com.google.common.reflect.Types.newParameterizedType(Class<?>,Type...)",1,1,1
"com.google.common.reflect.Types.newParameterizedTypeWithOwner(Type,Class<?>,Type...)",2,2,2
"com.google.common.reflect.Types.newTypeVariable(D,String,Type...)",1,1,2
"com.google.common.reflect.Types.subtypeOf(Type)",1,1,1
"com.google.common.reflect.Types.subtypeOfComponentType(Type[])",5,4,5
"com.google.common.reflect.Types.supertypeOf(Type)",1,1,1
"com.google.common.reflect.Types.toArray(Collection<Type>)",1,1,1
"com.google.common.reflect.Types.toString(Type)",1,2,2
"com.google.common.util.concurrent.AbstractCheckedFuture.AbstractCheckedFuture(ListenableFuture<V>)",1,1,1
"com.google.common.util.concurrent.AbstractCheckedFuture.checkedGet()",1,4,4
"com.google.common.util.concurrent.AbstractCheckedFuture.checkedGet(long,TimeUnit)",1,4,4
"com.google.common.util.concurrent.AbstractExecutionThreadService.AbstractExecutionThreadService()",1,1,1
"com.google.common.util.concurrent.AbstractExecutionThreadService.addListener(Listener,Executor)",1,1,1
"com.google.common.util.concurrent.AbstractExecutionThreadService.executor()",1,1,1
"com.google.common.util.concurrent.AbstractExecutionThreadService.getServiceName()",1,1,1
"com.google.common.util.concurrent.AbstractExecutionThreadService.isRunning()",1,1,1
"com.google.common.util.concurrent.AbstractExecutionThreadService.shutDown()",1,1,1
"com.google.common.util.concurrent.AbstractExecutionThreadService.start()",1,1,1
"com.google.common.util.concurrent.AbstractExecutionThreadService.startAndWait()",1,1,1
"com.google.common.util.concurrent.AbstractExecutionThreadService.startUp()",1,1,1
"com.google.common.util.concurrent.AbstractExecutionThreadService.state()",1,1,1
"com.google.common.util.concurrent.AbstractExecutionThreadService.stop()",1,1,1
"com.google.common.util.concurrent.AbstractExecutionThreadService.stopAndWait()",1,1,1
"com.google.common.util.concurrent.AbstractExecutionThreadService.toString()",1,1,1
"com.google.common.util.concurrent.AbstractExecutionThreadService.triggerShutdown()",1,1,1
"com.google.common.util.concurrent.AbstractFuture.AbstractFuture()",1,1,1
"com.google.common.util.concurrent.AbstractFuture.Sync.cancel()",1,1,1
"com.google.common.util.concurrent.AbstractFuture.Sync.complete(V,Throwable,int)",1,3,4
"com.google.common.util.concurrent.AbstractFuture.Sync.get()",1,1,1
"com.google.common.util.concurrent.AbstractFuture.Sync.get(long)",2,1,2
"com.google.common.util.concurrent.AbstractFuture.Sync.getValue()",5,3,5
"com.google.common.util.concurrent.AbstractFuture.Sync.isCancelled()",1,1,1
"com.google.common.util.concurrent.AbstractFuture.Sync.isDone()",1,1,1
"com.google.common.util.concurrent.AbstractFuture.Sync.set(V)",1,1,1
"com.google.common.util.concurrent.AbstractFuture.Sync.setException(Throwable)",1,1,1
"com.google.common.util.concurrent.AbstractFuture.Sync.tryAcquireShared(int)",2,1,2
"com.google.common.util.concurrent.AbstractFuture.Sync.tryReleaseShared(int)",1,1,1
"com.google.common.util.concurrent.AbstractFuture.addListener(Runnable,Executor)",1,1,1
"com.google.common.util.concurrent.AbstractFuture.cancel(boolean)",2,2,3
"com.google.common.util.concurrent.AbstractFuture.cancellationExceptionWithCause(String,Throwable)",1,1,1
"com.google.common.util.concurrent.AbstractFuture.get()",1,1,1
"com.google.common.util.concurrent.AbstractFuture.get(long,TimeUnit)",1,1,1
"com.google.common.util.concurrent.AbstractFuture.interruptTask()",1,1,1
"com.google.common.util.concurrent.AbstractFuture.isCancelled()",1,1,1
"com.google.common.util.concurrent.AbstractFuture.isDone()",1,1,1
"com.google.common.util.concurrent.AbstractFuture.set(V)",1,2,2
"com.google.common.util.concurrent.AbstractFuture.setException(Throwable)",2,2,3
"com.google.common.util.concurrent.AbstractIdleService.addListener(Listener,Executor)",1,1,1
"com.google.common.util.concurrent.AbstractIdleService.executor(State)",1,1,1
"com.google.common.util.concurrent.AbstractIdleService.getServiceName()",1,1,1
"com.google.common.util.concurrent.AbstractIdleService.isRunning()",1,1,1
"com.google.common.util.concurrent.AbstractIdleService.start()",1,1,1
"com.google.common.util.concurrent.AbstractIdleService.startAndWait()",1,1,1
"com.google.common.util.concurrent.AbstractIdleService.state()",1,1,1
"com.google.common.util.concurrent.AbstractIdleService.stop()",1,1,1
"com.google.common.util.concurrent.AbstractIdleService.stopAndWait()",1,1,1
"com.google.common.util.concurrent.AbstractIdleService.toString()",1,1,1
"com.google.common.util.concurrent.AbstractListeningExecutorService.invokeAll(Collection<? extends Callable<T>>)",2,6,9
"com.google.common.util.concurrent.AbstractListeningExecutorService.invokeAll(Collection<? extends Callable<T>>,long,TimeUnit)",7,7,14
"com.google.common.util.concurrent.AbstractListeningExecutorService.invokeAny(Collection<? extends Callable<T>>)",1,1,2
"com.google.common.util.concurrent.AbstractListeningExecutorService.invokeAny(Collection<? extends Callable<T>>,long,TimeUnit)",1,1,1
"com.google.common.util.concurrent.AbstractListeningExecutorService.submit(Callable<T>)",1,1,1
"com.google.common.util.concurrent.AbstractListeningExecutorService.submit(Runnable)",1,1,1
"com.google.common.util.concurrent.AbstractListeningExecutorService.submit(Runnable,T)",1,1,1
"com.google.common.util.concurrent.AbstractScheduledService.CustomScheduler.ReschedulableCallable.ReschedulableCallable(AbstractService,ScheduledExecutorService,Runnable)",1,1,1
"com.google.common.util.concurrent.AbstractScheduledService.CustomScheduler.ReschedulableCallable.call()",1,1,1
"com.google.common.util.concurrent.AbstractScheduledService.CustomScheduler.ReschedulableCallable.cancel(boolean)",1,1,1
"com.google.common.util.concurrent.AbstractScheduledService.CustomScheduler.ReschedulableCallable.delegate()",1,1,1
"com.google.common.util.concurrent.AbstractScheduledService.CustomScheduler.ReschedulableCallable.reschedule()",1,4,4
"com.google.common.util.concurrent.AbstractScheduledService.CustomScheduler.Schedule.Schedule(long,TimeUnit)",1,1,1
"com.google.common.util.concurrent.AbstractScheduledService.CustomScheduler.schedule(AbstractService,ScheduledExecutorService,Runnable)",1,1,1
"com.google.common.util.concurrent.AbstractScheduledService.Scheduler.Scheduler()",1,1,1
"com.google.common.util.concurrent.AbstractScheduledService.Scheduler.newFixedDelaySchedule(long,long,TimeUnit)",1,1,1
"com.google.common.util.concurrent.AbstractScheduledService.Scheduler.newFixedRateSchedule(long,long,TimeUnit)",1,1,1
"com.google.common.util.concurrent.AbstractScheduledService.addListener(Listener,Executor)",1,1,1
"com.google.common.util.concurrent.AbstractScheduledService.executor()",1,1,1
"com.google.common.util.concurrent.AbstractScheduledService.isRunning()",1,1,1
"com.google.common.util.concurrent.AbstractScheduledService.shutDown()",1,1,1
"com.google.common.util.concurrent.AbstractScheduledService.start()",1,1,1
"com.google.common.util.concurrent.AbstractScheduledService.startAndWait()",1,1,1
"com.google.common.util.concurrent.AbstractScheduledService.startUp()",1,1,1
"com.google.common.util.concurrent.AbstractScheduledService.state()",1,1,1
"com.google.common.util.concurrent.AbstractScheduledService.stop()",1,1,1
"com.google.common.util.concurrent.AbstractScheduledService.stopAndWait()",1,1,1
"com.google.common.util.concurrent.AbstractScheduledService.toString()",1,1,1
"com.google.common.util.concurrent.AbstractService.AbstractService()",2,4,7
"com.google.common.util.concurrent.AbstractService.ListenerExecutorPair.ListenerExecutorPair(Listener,Executor)",1,1,1
"com.google.common.util.concurrent.AbstractService.ListenerExecutorPair.execute(Runnable)",1,2,2
"com.google.common.util.concurrent.AbstractService.StateSnapshot.StateSnapshot(State)",1,1,1
"com.google.common.util.concurrent.AbstractService.StateSnapshot.StateSnapshot(State,boolean,Throwable)",1,1,2
"com.google.common.util.concurrent.AbstractService.StateSnapshot.externalState()",2,1,3
"com.google.common.util.concurrent.AbstractService.StateSnapshot.failureCause()",1,1,1
"com.google.common.util.concurrent.AbstractService.Transition.get(long,TimeUnit)",1,2,2
"com.google.common.util.concurrent.AbstractService.addListener(Listener,Executor)",1,2,3
"com.google.common.util.concurrent.AbstractService.executeListeners()",1,3,3
"com.google.common.util.concurrent.AbstractService.failed(State,Throwable)",1,2,2
"com.google.common.util.concurrent.AbstractService.isRunning()",1,1,1
"com.google.common.util.concurrent.AbstractService.notifyFailed(Throwable)",3,2,5
"com.google.common.util.concurrent.AbstractService.notifyStarted()",2,3,3
"com.google.common.util.concurrent.AbstractService.notifyStopped()",2,2,3
"com.google.common.util.concurrent.AbstractService.running()",1,2,2
"com.google.common.util.concurrent.AbstractService.start()",1,3,3
"com.google.common.util.concurrent.AbstractService.startAndWait()",1,1,1
"com.google.common.util.concurrent.AbstractService.starting()",1,2,2
"com.google.common.util.concurrent.AbstractService.state()",1,1,1
"com.google.common.util.concurrent.AbstractService.stop()",2,3,7
"com.google.common.util.concurrent.AbstractService.stopAndWait()",1,1,1
"com.google.common.util.concurrent.AbstractService.stopping(State)",1,2,2
"com.google.common.util.concurrent.AbstractService.terminated(State)",1,2,2
"com.google.common.util.concurrent.AbstractService.toString()",1,1,1
"com.google.common.util.concurrent.AtomicDouble.AtomicDouble()",1,1,1
"com.google.common.util.concurrent.AtomicDouble.AtomicDouble(double)",1,1,1
"com.google.common.util.concurrent.AtomicDouble.addAndGet(double)",3,2,3
"com.google.common.util.concurrent.AtomicDouble.compareAndSet(double,double)",1,1,1
"com.google.common.util.concurrent.AtomicDouble.doubleValue()",1,1,1
"com.google.common.util.concurrent.AtomicDouble.floatValue()",1,1,1
"com.google.common.util.concurrent.AtomicDouble.get()",1,1,1
"com.google.common.util.concurrent.AtomicDouble.getAndAdd(double)",3,2,3
"com.google.common.util.concurrent.AtomicDouble.getAndSet(double)",1,1,1
"com.google.common.util.concurrent.AtomicDouble.intValue()",1,1,1
"com.google.common.util.concurrent.AtomicDouble.lazySet(double)",1,1,1
"com.google.common.util.concurrent.AtomicDouble.longValue()",1,1,1
"com.google.common.util.concurrent.AtomicDouble.readObject(ObjectInputStream)",1,1,1
"com.google.common.util.concurrent.AtomicDouble.set(double)",1,1,1
"com.google.common.util.concurrent.AtomicDouble.toString()",1,1,1
"com.google.common.util.concurrent.AtomicDouble.weakCompareAndSet(double,double)",1,1,1
"com.google.common.util.concurrent.AtomicDouble.writeObject(ObjectOutputStream)",1,1,1
"com.google.common.util.concurrent.AtomicDoubleArray.AtomicDoubleArray(double[])",1,2,2
"com.google.common.util.concurrent.AtomicDoubleArray.AtomicDoubleArray(int)",1,1,1
"com.google.common.util.concurrent.AtomicDoubleArray.addAndGet(int,double)",3,2,3
"com.google.common.util.concurrent.AtomicDoubleArray.compareAndSet(int,double,double)",1,1,1
"com.google.common.util.concurrent.AtomicDoubleArray.get(int)",1,1,1
"com.google.common.util.concurrent.AtomicDoubleArray.getAndAdd(int,double)",3,2,3
"com.google.common.util.concurrent.AtomicDoubleArray.getAndSet(int,double)",1,1,1
"com.google.common.util.concurrent.AtomicDoubleArray.lazySet(int,double)",1,1,1
"com.google.common.util.concurrent.AtomicDoubleArray.length()",1,1,1
"com.google.common.util.concurrent.AtomicDoubleArray.readObject(ObjectInputStream)",1,2,2
"com.google.common.util.concurrent.AtomicDoubleArray.set(int,double)",1,1,1
"com.google.common.util.concurrent.AtomicDoubleArray.toString()",4,3,4
"com.google.common.util.concurrent.AtomicDoubleArray.weakCompareAndSet(int,double,double)",1,1,1
"com.google.common.util.concurrent.AtomicDoubleArray.writeObject(ObjectOutputStream)",1,2,2
"com.google.common.util.concurrent.AtomicLongMap.AtomicLongMap(ConcurrentHashMap<K, AtomicLong>)",1,1,1
"com.google.common.util.concurrent.AtomicLongMap.addAndGet(K,long)",8,5,8
"com.google.common.util.concurrent.AtomicLongMap.asMap()",1,2,2
"com.google.common.util.concurrent.AtomicLongMap.clear()",1,1,1
"com.google.common.util.concurrent.AtomicLongMap.containsKey(Object)",1,1,1
"com.google.common.util.concurrent.AtomicLongMap.create()",1,1,1
"com.google.common.util.concurrent.AtomicLongMap.create(Map<? extends K, ? extends Long>)",1,1,1
"com.google.common.util.concurrent.AtomicLongMap.createAsMap()",1,1,1
"com.google.common.util.concurrent.AtomicLongMap.decrementAndGet(K)",1,1,1
"com.google.common.util.concurrent.AtomicLongMap.get(K)",1,2,2
"com.google.common.util.concurrent.AtomicLongMap.getAndAdd(K,long)",8,5,8
"com.google.common.util.concurrent.AtomicLongMap.getAndDecrement(K)",1,1,1
"com.google.common.util.concurrent.AtomicLongMap.getAndIncrement(K)",1,1,1
"com.google.common.util.concurrent.AtomicLongMap.incrementAndGet(K)",1,1,1
"com.google.common.util.concurrent.AtomicLongMap.isEmpty()",1,1,1
"com.google.common.util.concurrent.AtomicLongMap.put(K,long)",8,5,8
"com.google.common.util.concurrent.AtomicLongMap.putAll(Map<? extends K, ? extends Long>)",1,2,2
"com.google.common.util.concurrent.AtomicLongMap.putIfAbsent(K,long)",6,4,6
"com.google.common.util.concurrent.AtomicLongMap.remove(K)",4,4,5
"com.google.common.util.concurrent.AtomicLongMap.remove(K,long)",4,3,5
"com.google.common.util.concurrent.AtomicLongMap.removeAllZeros()",1,4,4
"com.google.common.util.concurrent.AtomicLongMap.replace(K,long,long)",2,3,3
"com.google.common.util.concurrent.AtomicLongMap.size()",1,1,1
"com.google.common.util.concurrent.AtomicLongMap.sum()",1,2,2
"com.google.common.util.concurrent.AtomicLongMap.toString()",1,1,1
"com.google.common.util.concurrent.Atomics.Atomics()",1,1,1
"com.google.common.util.concurrent.Atomics.newReference()",1,1,1
"com.google.common.util.concurrent.Atomics.newReference(V)",1,1,1
"com.google.common.util.concurrent.Atomics.newReferenceArray(E[])",1,1,1
"com.google.common.util.concurrent.Atomics.newReferenceArray(int)",1,1,1
"com.google.common.util.concurrent.Callables.Callables()",1,1,1
"com.google.common.util.concurrent.Callables.returning(T)",1,1,1
"com.google.common.util.concurrent.CycleDetectingLockFactory.CycleDetectingLockFactory(Policy)",1,1,1
"com.google.common.util.concurrent.CycleDetectingLockFactory.CycleDetectingReentrantLock.CycleDetectingReentrantLock(LockGraphNode,boolean)",1,1,1
"com.google.common.util.concurrent.CycleDetectingLockFactory.CycleDetectingReentrantLock.getLockGraphNode()",1,1,1
"com.google.common.util.concurrent.CycleDetectingLockFactory.CycleDetectingReentrantLock.isAcquiredByCurrentThread()",1,1,1
"com.google.common.util.concurrent.CycleDetectingLockFactory.CycleDetectingReentrantLock.lock()",1,1,1
"com.google.common.util.concurrent.CycleDetectingLockFactory.CycleDetectingReentrantLock.lockInterruptibly()",1,1,1
"com.google.common.util.concurrent.CycleDetectingLockFactory.CycleDetectingReentrantLock.tryLock()",1,1,1
"com.google.common.util.concurrent.CycleDetectingLockFactory.CycleDetectingReentrantLock.tryLock(long,TimeUnit)",1,1,1
"com.google.common.util.concurrent.CycleDetectingLockFactory.CycleDetectingReentrantLock.unlock()",1,1,1
"com.google.common.util.concurrent.CycleDetectingLockFactory.CycleDetectingReentrantReadLock.CycleDetectingReentrantReadLock(CycleDetectingReentrantReadWriteLock)",1,1,1
"com.google.common.util.concurrent.CycleDetectingLockFactory.CycleDetectingReentrantReadLock.lock()",1,1,1
"com.google.common.util.concurrent.CycleDetectingLockFactory.CycleDetectingReentrantReadLock.lockInterruptibly()",1,1,1
"com.google.common.util.concurrent.CycleDetectingLockFactory.CycleDetectingReentrantReadLock.tryLock()",1,1,1
"com.google.common.util.concurrent.CycleDetectingLockFactory.CycleDetectingReentrantReadLock.tryLock(long,TimeUnit)",1,1,1
"com.google.common.util.concurrent.CycleDetectingLockFactory.CycleDetectingReentrantReadLock.unlock()",1,1,1
"com.google.common.util.concurrent.CycleDetectingLockFactory.CycleDetectingReentrantReadWriteLock.CycleDetectingReentrantReadWriteLock(LockGraphNode,boolean)",1,1,1
"com.google.common.util.concurrent.CycleDetectingLockFactory.CycleDetectingReentrantReadWriteLock.getLockGraphNode()",1,1,1
"com.google.common.util.concurrent.CycleDetectingLockFactory.CycleDetectingReentrantReadWriteLock.isAcquiredByCurrentThread()",1,2,2
"com.google.common.util.concurrent.CycleDetectingLockFactory.CycleDetectingReentrantReadWriteLock.readLock()",1,1,1
"com.google.common.util.concurrent.CycleDetectingLockFactory.CycleDetectingReentrantReadWriteLock.writeLock()",1,1,1
"com.google.common.util.concurrent.CycleDetectingLockFactory.CycleDetectingReentrantWriteLock.CycleDetectingReentrantWriteLock(CycleDetectingReentrantReadWriteLock)",1,1,1
"com.google.common.util.concurrent.CycleDetectingLockFactory.CycleDetectingReentrantWriteLock.lock()",1,1,1
"com.google.common.util.concurrent.CycleDetectingLockFactory.CycleDetectingReentrantWriteLock.lockInterruptibly()",1,1,1
"com.google.common.util.concurrent.CycleDetectingLockFactory.CycleDetectingReentrantWriteLock.tryLock()",1,1,1
"com.google.common.util.concurrent.CycleDetectingLockFactory.CycleDetectingReentrantWriteLock.tryLock(long,TimeUnit)",1,1,1
"com.google.common.util.concurrent.CycleDetectingLockFactory.CycleDetectingReentrantWriteLock.unlock()",1,1,1
"com.google.common.util.concurrent.CycleDetectingLockFactory.ExampleStackTrace.ExampleStackTrace(LockGraphNode,LockGraphNode)",4,4,4
"com.google.common.util.concurrent.CycleDetectingLockFactory.LockGraphNode.LockGraphNode(String)",1,1,1
"com.google.common.util.concurrent.CycleDetectingLockFactory.LockGraphNode.checkAcquiredLock(Policy,LockGraphNode)",3,3,4
"com.google.common.util.concurrent.CycleDetectingLockFactory.LockGraphNode.checkAcquiredLocks(Policy,List<LockGraphNode>)",1,2,2
"com.google.common.util.concurrent.CycleDetectingLockFactory.LockGraphNode.findPathTo(LockGraphNode,Set<LockGraphNode>)",5,3,5
"com.google.common.util.concurrent.CycleDetectingLockFactory.LockGraphNode.getLockName()",1,1,1
"com.google.common.util.concurrent.CycleDetectingLockFactory.OrderedLockGraphNodesCreator.apply(Class<? extends Enum>)",1,1,1
"com.google.common.util.concurrent.CycleDetectingLockFactory.OrderedLockGraphNodesCreator.createNodesFor(Class<E>)",1,4,4
"com.google.common.util.concurrent.CycleDetectingLockFactory.OrderedLockGraphNodesCreator.getLockName(Enum<?>)",1,1,1
"com.google.common.util.concurrent.CycleDetectingLockFactory.PotentialDeadlockException.PotentialDeadlockException(LockGraphNode,LockGraphNode,ExampleStackTrace)",1,1,1
"com.google.common.util.concurrent.CycleDetectingLockFactory.PotentialDeadlockException.getConflictingStackTrace()",1,1,1
"com.google.common.util.concurrent.CycleDetectingLockFactory.PotentialDeadlockException.getMessage()",1,2,2
"com.google.common.util.concurrent.CycleDetectingLockFactory.WithExplicitOrdering.WithExplicitOrdering(Policy,Map<E, LockGraphNode>)",1,1,1
"com.google.common.util.concurrent.CycleDetectingLockFactory.WithExplicitOrdering.newReentrantLock(E)",1,1,1
"com.google.common.util.concurrent.CycleDetectingLockFactory.WithExplicitOrdering.newReentrantLock(E,boolean)",1,2,2
"com.google.common.util.concurrent.CycleDetectingLockFactory.WithExplicitOrdering.newReentrantReadWriteLock(E)",1,1,1
"com.google.common.util.concurrent.CycleDetectingLockFactory.WithExplicitOrdering.newReentrantReadWriteLock(E,boolean)",1,2,2
"com.google.common.util.concurrent.CycleDetectingLockFactory.aboutToAcquire(CycleDetectingLock)",1,2,2
"com.google.common.util.concurrent.CycleDetectingLockFactory.lockStateChanged(CycleDetectingLock)",4,4,4
"com.google.common.util.concurrent.CycleDetectingLockFactory.newInstance(Policy)",1,1,1
"com.google.common.util.concurrent.CycleDetectingLockFactory.newInstanceWithExplicitOrdering(Class<E>,Policy)",1,1,1
"com.google.common.util.concurrent.CycleDetectingLockFactory.newReentrantLock(String)",1,1,1
"com.google.common.util.concurrent.CycleDetectingLockFactory.newReentrantLock(String,boolean)",1,1,2
"com.google.common.util.concurrent.CycleDetectingLockFactory.newReentrantReadWriteLock(String)",1,1,1
"com.google.common.util.concurrent.CycleDetectingLockFactory.newReentrantReadWriteLock(String,boolean)",1,1,2
"com.google.common.util.concurrent.ExecutionError.ExecutionError()",1,1,1
"com.google.common.util.concurrent.ExecutionError.ExecutionError(Error)",1,1,1
"com.google.common.util.concurrent.ExecutionError.ExecutionError(String)",1,1,1
"com.google.common.util.concurrent.ExecutionError.ExecutionError(String,Error)",1,1,1
"com.google.common.util.concurrent.ExecutionList.ExecutionList()",1,1,1
"com.google.common.util.concurrent.ExecutionList.RunnableExecutorPair.RunnableExecutorPair(Runnable,Executor)",1,1,1
"com.google.common.util.concurrent.ExecutionList.RunnableExecutorPair.execute()",1,2,2
"com.google.common.util.concurrent.ExecutionList.add(Runnable,Executor)",1,3,3
"com.google.common.util.concurrent.ExecutionList.execute()",2,2,3
"com.google.common.util.concurrent.FakeTimeLimiter.callWithTimeout(Callable<T>,long,TimeUnit,boolean)",1,1,1
"com.google.common.util.concurrent.FakeTimeLimiter.newProxy(T,Class<T>,long,TimeUnit)",1,1,1
"com.google.common.util.concurrent.ForwardingBlockingQueue.ForwardingBlockingQueue()",1,1,1
"com.google.common.util.concurrent.ForwardingBlockingQueue.drainTo(Collection<? super E>)",1,1,1
"com.google.common.util.concurrent.ForwardingBlockingQueue.drainTo(Collection<? super E>,int)",1,1,1
"com.google.common.util.concurrent.ForwardingBlockingQueue.offer(E,long,TimeUnit)",1,1,1
"com.google.common.util.concurrent.ForwardingBlockingQueue.poll(long,TimeUnit)",1,1,1
"com.google.common.util.concurrent.ForwardingBlockingQueue.put(E)",1,1,1
"com.google.common.util.concurrent.ForwardingBlockingQueue.remainingCapacity()",1,1,1
"com.google.common.util.concurrent.ForwardingBlockingQueue.take()",1,1,1
"com.google.common.util.concurrent.ForwardingCheckedFuture.SimpleForwardingCheckedFuture.SimpleForwardingCheckedFuture(CheckedFuture<V, X>)",1,1,1
"com.google.common.util.concurrent.ForwardingCheckedFuture.SimpleForwardingCheckedFuture.delegate()",1,1,1
"com.google.common.util.concurrent.ForwardingCheckedFuture.checkedGet()",1,1,1
"com.google.common.util.concurrent.ForwardingCheckedFuture.checkedGet(long,TimeUnit)",1,1,1
"com.google.common.util.concurrent.ForwardingExecutorService.ForwardingExecutorService()",1,1,1
"com.google.common.util.concurrent.ForwardingExecutorService.awaitTermination(long,TimeUnit)",1,1,1
"com.google.common.util.concurrent.ForwardingExecutorService.execute(Runnable)",1,1,1
"com.google.common.util.concurrent.ForwardingExecutorService.invokeAll(Collection<? extends Callable<T>>)",1,1,1
"com.google.common.util.concurrent.ForwardingExecutorService.invokeAll(Collection<? extends Callable<T>>,long,TimeUnit)",1,1,1
"com.google.common.util.concurrent.ForwardingExecutorService.invokeAny(Collection<? extends Callable<T>>)",1,1,1
"com.google.common.util.concurrent.ForwardingExecutorService.invokeAny(Collection<? extends Callable<T>>,long,TimeUnit)",1,1,1
"com.google.common.util.concurrent.ForwardingExecutorService.isShutdown()",1,1,1
"com.google.common.util.concurrent.ForwardingExecutorService.isTerminated()",1,1,1
"com.google.common.util.concurrent.ForwardingExecutorService.shutdown()",1,1,1
"com.google.common.util.concurrent.ForwardingExecutorService.shutdownNow()",1,1,1
"com.google.common.util.concurrent.ForwardingExecutorService.submit(Callable<T>)",1,1,1
"com.google.common.util.concurrent.ForwardingExecutorService.submit(Runnable)",1,1,1
"com.google.common.util.concurrent.ForwardingExecutorService.submit(Runnable,T)",1,1,1
"com.google.common.util.concurrent.ForwardingFuture.ForwardingFuture()",1,1,1
"com.google.common.util.concurrent.ForwardingFuture.SimpleForwardingFuture.SimpleForwardingFuture(Future<V>)",1,1,1
"com.google.common.util.concurrent.ForwardingFuture.SimpleForwardingFuture.delegate()",1,1,1
"com.google.common.util.concurrent.ForwardingFuture.cancel(boolean)",1,1,1
"com.google.common.util.concurrent.ForwardingFuture.get()",1,1,1
"com.google.common.util.concurrent.ForwardingFuture.get(long,TimeUnit)",1,1,1
"com.google.common.util.concurrent.ForwardingFuture.isCancelled()",1,1,1
"com.google.common.util.concurrent.ForwardingFuture.isDone()",1,1,1
"com.google.common.util.concurrent.ForwardingListenableFuture.ForwardingListenableFuture()",1,1,1
"com.google.common.util.concurrent.ForwardingListenableFuture.SimpleForwardingListenableFuture.SimpleForwardingListenableFuture(ListenableFuture<V>)",1,1,1
"com.google.common.util.concurrent.ForwardingListenableFuture.SimpleForwardingListenableFuture.delegate()",1,1,1
"com.google.common.util.concurrent.ForwardingListenableFuture.addListener(Runnable,Executor)",1,1,1
"com.google.common.util.concurrent.ForwardingListeningExecutorService.ForwardingListeningExecutorService()",1,1,1
"com.google.common.util.concurrent.ForwardingListeningExecutorService.submit(Callable<T>)",1,1,1
"com.google.common.util.concurrent.ForwardingListeningExecutorService.submit(Runnable)",1,1,1
"com.google.common.util.concurrent.ForwardingListeningExecutorService.submit(Runnable,T)",1,1,1
"com.google.common.util.concurrent.ForwardingService.ForwardingService()",1,1,1
"com.google.common.util.concurrent.ForwardingService.addListener(Listener,Executor)",1,1,1
"com.google.common.util.concurrent.ForwardingService.isRunning()",1,1,1
"com.google.common.util.concurrent.ForwardingService.standardStartAndWait()",1,1,1
"com.google.common.util.concurrent.ForwardingService.standardStopAndWait()",1,1,1
"com.google.common.util.concurrent.ForwardingService.start()",1,1,1
"com.google.common.util.concurrent.ForwardingService.startAndWait()",1,1,1
"com.google.common.util.concurrent.ForwardingService.state()",1,1,1
"com.google.common.util.concurrent.ForwardingService.stop()",1,1,1
"com.google.common.util.concurrent.ForwardingService.stopAndWait()",1,1,1
"com.google.common.util.concurrent.Futures.ChainingListenableFuture.ChainingListenableFuture(AsyncFunction<? super I, ? extends O>,ListenableFuture<? extends I>)",1,1,1
"com.google.common.util.concurrent.Futures.ChainingListenableFuture.cancel(Future<?>,boolean)",1,2,2
"com.google.common.util.concurrent.Futures.ChainingListenableFuture.cancel(boolean)",2,2,2
"com.google.common.util.concurrent.Futures.ChainingListenableFuture.run()",2,9,9
"com.google.common.util.concurrent.Futures.Futures()",1,1,1
"com.google.common.util.concurrent.Futures.ListFuture.ListFuture(ImmutableList<? extends ListenableFuture<? extends V>>,boolean,Executor)",1,1,1
"com.google.common.util.concurrent.Futures.ListFuture.init(Executor)",2,4,4
"com.google.common.util.concurrent.Futures.ListFuture.setOneValue(int,Future<? extends V>)",2,12,12
"com.google.common.util.concurrent.Futures.MappingCheckedFuture.MappingCheckedFuture(ListenableFuture<V>,Function<Exception, X>)",1,1,1
"com.google.common.util.concurrent.Futures.MappingCheckedFuture.mapException(Exception)",1,1,1
"com.google.common.util.concurrent.Futures.addCallback(ListenableFuture<V>,FutureCallback<? super V>)",1,1,1
"com.google.common.util.concurrent.Futures.addCallback(ListenableFuture<V>,FutureCallback<? super V>,Executor)",1,4,4
"com.google.common.util.concurrent.Futures.allAsList(Iterable<? extends ListenableFuture<? extends V>>)",1,1,1
"com.google.common.util.concurrent.Futures.allAsList(ListenableFuture<? extends V>...)",1,1,1
"com.google.common.util.concurrent.Futures.dereference(ListenableFuture<? extends ListenableFuture<? extends V>>)",1,1,1
"com.google.common.util.concurrent.Futures.get(Future<V>,Class<X>)",1,3,3
"com.google.common.util.concurrent.Futures.get(Future<V>,long,TimeUnit,Class<X>)",1,4,4
"com.google.common.util.concurrent.Futures.getUnchecked(Future<V>)",1,2,2
"com.google.common.util.concurrent.Futures.immediateCheckedFuture(V)",1,1,1
"com.google.common.util.concurrent.Futures.immediateFailedCheckedFuture(X)",1,1,1
"com.google.common.util.concurrent.Futures.immediateFailedFuture(Throwable)",1,1,1
"com.google.common.util.concurrent.Futures.immediateFuture(V)",1,1,1
"com.google.common.util.concurrent.Futures.lazyTransform(Future<I>,Function<? super I, ? extends O>)",1,1,2
"com.google.common.util.concurrent.Futures.makeChecked(ListenableFuture<V>,Function<Exception, X>)",1,1,1
"com.google.common.util.concurrent.Futures.newFromConstructor(Constructor<X>,Throwable)",4,3,8
"com.google.common.util.concurrent.Futures.newWithCause(Class<X>,Throwable)",3,4,4
"com.google.common.util.concurrent.Futures.preferringStrings(List<Constructor<X>>)",1,1,1
"com.google.common.util.concurrent.Futures.successfulAsList(Iterable<? extends ListenableFuture<? extends V>>)",1,1,1
"com.google.common.util.concurrent.Futures.successfulAsList(ListenableFuture<? extends V>...)",1,1,1
"com.google.common.util.concurrent.Futures.transform(ListenableFuture<I>,AsyncFunction<? super I, ? extends O>)",1,1,1
"com.google.common.util.concurrent.Futures.transform(ListenableFuture<I>,AsyncFunction<? super I, ? extends O>,Executor)",1,1,1
"com.google.common.util.concurrent.Futures.transform(ListenableFuture<I>,Function<? super I, ? extends O>)",1,1,1
"com.google.common.util.concurrent.Futures.transform(ListenableFuture<I>,Function<? super I, ? extends O>,Executor)",1,1,1
"com.google.common.util.concurrent.Futures.wrapAndThrowExceptionOrError(Throwable,Class<X>)",3,1,3
"com.google.common.util.concurrent.Futures.wrapAndThrowUnchecked(Throwable)",2,1,2
"com.google.common.util.concurrent.JdkFutureAdapters.JdkFutureAdapters()",1,1,1
"com.google.common.util.concurrent.JdkFutureAdapters.ListenableFutureAdapter.ListenableFutureAdapter(Future<V>)",1,1,1
"com.google.common.util.concurrent.JdkFutureAdapters.ListenableFutureAdapter.ListenableFutureAdapter(Future<V>,Executor)",1,1,1
"com.google.common.util.concurrent.JdkFutureAdapters.ListenableFutureAdapter.addListener(Runnable,Executor)",3,4,6
"com.google.common.util.concurrent.JdkFutureAdapters.ListenableFutureAdapter.delegate()",1,1,1
"com.google.common.util.concurrent.JdkFutureAdapters.listenInPoolThread(Future<V>)",2,1,2
"com.google.common.util.concurrent.JdkFutureAdapters.listenInPoolThread(Future<V>,Executor)",2,1,2
"com.google.common.util.concurrent.ListenableFutureTask.ListenableFutureTask(Callable<V>)",1,1,1
"com.google.common.util.concurrent.ListenableFutureTask.ListenableFutureTask(Runnable,V)",1,1,1
"com.google.common.util.concurrent.ListenableFutureTask.addListener(Runnable,Executor)",1,1,1
"com.google.common.util.concurrent.ListenableFutureTask.create(Callable<V>)",1,1,1
"com.google.common.util.concurrent.ListenableFutureTask.create(Runnable,V)",1,1,1
"com.google.common.util.concurrent.ListenableFutureTask.done()",1,1,1
"com.google.common.util.concurrent.Monitor.Guard.Guard(Monitor)",1,1,1
"com.google.common.util.concurrent.Monitor.Guard.equals(Object)",1,1,1
"com.google.common.util.concurrent.Monitor.Guard.hashCode()",1,1,1
"com.google.common.util.concurrent.Monitor.Monitor()",1,1,1
"com.google.common.util.concurrent.Monitor.Monitor(boolean)",1,1,1
"com.google.common.util.concurrent.Monitor.decrementWaiters(Guard)",1,2,2
"com.google.common.util.concurrent.Monitor.enter()",1,1,1
"com.google.common.util.concurrent.Monitor.enter(long,TimeUnit)",3,5,6
"com.google.common.util.concurrent.Monitor.enterIf(Guard)",2,2,3
"com.google.common.util.concurrent.Monitor.enterIf(Guard,long,TimeUnit)",3,2,4
"com.google.common.util.concurrent.Monitor.enterIfInterruptibly(Guard)",2,2,3
"com.google.common.util.concurrent.Monitor.enterIfInterruptibly(Guard,long,TimeUnit)",3,2,4
"com.google.common.util.concurrent.Monitor.enterInterruptibly()",1,1,1
"com.google.common.util.concurrent.Monitor.enterInterruptibly(long,TimeUnit)",1,1,1
"com.google.common.util.concurrent.Monitor.enterWhen(Guard)",2,2,3
"com.google.common.util.concurrent.Monitor.enterWhen(Guard,long,TimeUnit)",4,4,6
"com.google.common.util.concurrent.Monitor.enterWhenUninterruptibly(Guard)",2,2,3
"com.google.common.util.concurrent.Monitor.enterWhenUninterruptibly(Guard,long,TimeUnit)",5,6,9
"com.google.common.util.concurrent.Monitor.getOccupiedDepth()",1,1,1
"com.google.common.util.concurrent.Monitor.getQueueLength()",1,1,1
"com.google.common.util.concurrent.Monitor.getWaitQueueLength(Guard)",2,1,2
"com.google.common.util.concurrent.Monitor.hasQueuedThread(Thread)",1,1,1
"com.google.common.util.concurrent.Monitor.hasQueuedThreads()",1,1,1
"com.google.common.util.concurrent.Monitor.hasWaiters(Guard)",2,1,2
"com.google.common.util.concurrent.Monitor.incrementWaiters(Guard)",1,2,2
"com.google.common.util.concurrent.Monitor.isFair()",1,1,1
"com.google.common.util.concurrent.Monitor.isOccupied()",1,1,1
"com.google.common.util.concurrent.Monitor.isOccupiedByCurrentThread()",1,1,1
"com.google.common.util.concurrent.Monitor.leave()",2,1,2
"com.google.common.util.concurrent.Monitor.signalConditionsOfSatisfiedGuards(Guard)",4,5,7
"com.google.common.util.concurrent.Monitor.tryEnter()",1,1,1
"com.google.common.util.concurrent.Monitor.tryEnterIf(Guard)",3,2,4
"com.google.common.util.concurrent.Monitor.waitFor(Guard)",3,1,3
"com.google.common.util.concurrent.Monitor.waitFor(Guard,long,TimeUnit)",3,1,3
"com.google.common.util.concurrent.Monitor.waitForUninterruptibly(Guard)",3,1,3
"com.google.common.util.concurrent.Monitor.waitForUninterruptibly(Guard,long,TimeUnit)",3,1,3
"com.google.common.util.concurrent.Monitor.waitInterruptibly(Guard,boolean)",3,6,6
"com.google.common.util.concurrent.Monitor.waitInterruptibly(Guard,long,boolean)",4,6,7
"com.google.common.util.concurrent.Monitor.waitUninterruptibly(Guard,boolean)",1,4,4
"com.google.common.util.concurrent.Monitor.waitUninterruptibly(Guard,long,boolean)",4,7,8
"com.google.common.util.concurrent.MoreExecutors.ListeningDecorator.ListeningDecorator(ExecutorService)",1,1,1
"com.google.common.util.concurrent.MoreExecutors.ListeningDecorator.awaitTermination(long,TimeUnit)",1,1,1
"com.google.common.util.concurrent.MoreExecutors.ListeningDecorator.execute(Runnable)",1,1,1
"com.google.common.util.concurrent.MoreExecutors.ListeningDecorator.isShutdown()",1,1,1
"com.google.common.util.concurrent.MoreExecutors.ListeningDecorator.isTerminated()",1,1,1
"com.google.common.util.concurrent.MoreExecutors.ListeningDecorator.shutdown()",1,1,1
"com.google.common.util.concurrent.MoreExecutors.ListeningDecorator.shutdownNow()",1,1,1
"com.google.common.util.concurrent.MoreExecutors.MoreExecutors()",1,1,1
"com.google.common.util.concurrent.MoreExecutors.SameThreadExecutorService.awaitTermination(long,TimeUnit)",4,4,4
"com.google.common.util.concurrent.MoreExecutors.SameThreadExecutorService.endTask()",1,2,2
"com.google.common.util.concurrent.MoreExecutors.SameThreadExecutorService.execute(Runnable)",1,1,1
"com.google.common.util.concurrent.MoreExecutors.SameThreadExecutorService.isShutdown()",1,1,1
"com.google.common.util.concurrent.MoreExecutors.SameThreadExecutorService.isTerminated()",1,1,2
"com.google.common.util.concurrent.MoreExecutors.SameThreadExecutorService.shutdown()",1,1,1
"com.google.common.util.concurrent.MoreExecutors.SameThreadExecutorService.shutdownNow()",1,1,1
"com.google.common.util.concurrent.MoreExecutors.SameThreadExecutorService.startTask()",2,1,2
"com.google.common.util.concurrent.MoreExecutors.ScheduledListeningDecorator.ScheduledListeningDecorator(ScheduledExecutorService)",1,1,1
"com.google.common.util.concurrent.MoreExecutors.ScheduledListeningDecorator.schedule(Callable<V>,long,TimeUnit)",1,1,1
"com.google.common.util.concurrent.MoreExecutors.ScheduledListeningDecorator.schedule(Runnable,long,TimeUnit)",1,1,1
"com.google.common.util.concurrent.MoreExecutors.ScheduledListeningDecorator.scheduleAtFixedRate(Runnable,long,long,TimeUnit)",1,1,1
"com.google.common.util.concurrent.MoreExecutors.ScheduledListeningDecorator.scheduleWithFixedDelay(Runnable,long,long,TimeUnit)",1,1,1
"com.google.common.util.concurrent.MoreExecutors.addDelayedShutdownHook(ExecutorService,long,TimeUnit)",1,1,2
"com.google.common.util.concurrent.MoreExecutors.getExitingExecutorService(ThreadPoolExecutor)",1,1,1
"com.google.common.util.concurrent.MoreExecutors.getExitingExecutorService(ThreadPoolExecutor,long,TimeUnit)",1,1,1
"com.google.common.util.concurrent.MoreExecutors.getExitingScheduledExecutorService(ScheduledThreadPoolExecutor)",1,1,1
"com.google.common.util.concurrent.MoreExecutors.getExitingScheduledExecutorService(ScheduledThreadPoolExecutor,long,TimeUnit)",1,1,1
"com.google.common.util.concurrent.MoreExecutors.invokeAnyImpl(ListeningExecutorService,Collection<? extends Callable<T>>,boolean,long)",8,9,13
"com.google.common.util.concurrent.MoreExecutors.listeningDecorator(ExecutorService)",1,1,3
"com.google.common.util.concurrent.MoreExecutors.listeningDecorator(ScheduledExecutorService)",1,1,2
"com.google.common.util.concurrent.MoreExecutors.sameThreadExecutor()",1,1,1
"com.google.common.util.concurrent.MoreExecutors.submitAndAddQueueListener(ListeningExecutorService,Callable<T>,BlockingQueue<Future<T>>)",1,1,1
"com.google.common.util.concurrent.RateLimiter.Bursty.Bursty(SleepingTicker)",1,1,1
"com.google.common.util.concurrent.RateLimiter.Bursty.doSetRate(double,double)",1,1,2
"com.google.common.util.concurrent.RateLimiter.Bursty.storedPermitsToWaitTime(double,double)",1,1,1
"com.google.common.util.concurrent.RateLimiter.RateLimiter(SleepingTicker)",1,1,1
"com.google.common.util.concurrent.RateLimiter.WarmingUp.WarmingUp(SleepingTicker,long,TimeUnit)",1,1,1
"com.google.common.util.concurrent.RateLimiter.WarmingUp.doSetRate(double,double)",1,1,3
"com.google.common.util.concurrent.RateLimiter.WarmingUp.permitsToTime(double)",1,1,1
"com.google.common.util.concurrent.RateLimiter.WarmingUp.storedPermitsToWaitTime(double,double)",1,2,2
"com.google.common.util.concurrent.RateLimiter.acquire()",1,1,1
"com.google.common.util.concurrent.RateLimiter.acquire(int)",1,1,1
"com.google.common.util.concurrent.RateLimiter.checkPermits(int)",1,1,1
"com.google.common.util.concurrent.RateLimiter.create(SleepingTicker,double)",1,1,1
"com.google.common.util.concurrent.RateLimiter.create(SleepingTicker,double,long,TimeUnit)",1,1,1
"com.google.common.util.concurrent.RateLimiter.create(double)",1,1,1
"com.google.common.util.concurrent.RateLimiter.create(double,long,TimeUnit)",1,1,1
"com.google.common.util.concurrent.RateLimiter.createBursty(SleepingTicker,double,int)",1,1,1
"com.google.common.util.concurrent.RateLimiter.getRate()",1,1,1
"com.google.common.util.concurrent.RateLimiter.readSafeMicros()",1,1,1
"com.google.common.util.concurrent.RateLimiter.reserveNextTicket(double,long)",1,1,1
"com.google.common.util.concurrent.RateLimiter.resync(long)",1,2,2
"com.google.common.util.concurrent.RateLimiter.setRate(double)",1,2,2
"com.google.common.util.concurrent.RateLimiter.toString()",1,1,1
"com.google.common.util.concurrent.RateLimiter.tryAcquire(int,long,TimeUnit)",2,2,2
"com.google.common.util.concurrent.RateLimiter.tryAcquire(long,TimeUnit)",1,1,1
"com.google.common.util.concurrent.SettableFuture.SettableFuture()",1,1,1
"com.google.common.util.concurrent.SettableFuture.create()",1,1,1
"com.google.common.util.concurrent.SettableFuture.set(V)",1,1,1
"com.google.common.util.concurrent.SettableFuture.setException(Throwable)",1,1,1
"com.google.common.util.concurrent.SimpleTimeLimiter.SimpleTimeLimiter()",1,1,1
"com.google.common.util.concurrent.SimpleTimeLimiter.SimpleTimeLimiter(ExecutorService)",1,1,1
"com.google.common.util.concurrent.SimpleTimeLimiter.callWithTimeout(Callable<T>,long,TimeUnit,boolean)",2,5,5
"com.google.common.util.concurrent.SimpleTimeLimiter.declaresInterruptedEx(Method)",3,1,3
"com.google.common.util.concurrent.SimpleTimeLimiter.findInterruptibleMethods(Class<?>)",1,3,3
"com.google.common.util.concurrent.SimpleTimeLimiter.newProxy(Class<T>,InvocationHandler)",1,1,1
"com.google.common.util.concurrent.SimpleTimeLimiter.newProxy(T,Class<T>,long,TimeUnit)",1,2,2
"com.google.common.util.concurrent.SimpleTimeLimiter.throwCause(Exception,boolean)",4,2,5
"com.google.common.util.concurrent.Striped.CompactStriped.CompactStriped(int,Supplier<L>)",1,2,2
"com.google.common.util.concurrent.Striped.CompactStriped.getAt(int)",1,1,1
"com.google.common.util.concurrent.Striped.CompactStriped.size()",1,1,1
"com.google.common.util.concurrent.Striped.LazyStriped.LazyStriped(int,Supplier<L>)",1,1,2
"com.google.common.util.concurrent.Striped.LazyStriped.getAt(int)",1,1,1
"com.google.common.util.concurrent.Striped.LazyStriped.size()",1,1,1
"com.google.common.util.concurrent.Striped.PaddedLock.PaddedLock()",1,1,1
"com.google.common.util.concurrent.Striped.PaddedSemaphore.PaddedSemaphore(int)",1,1,1
"com.google.common.util.concurrent.Striped.PowerOfTwoStriped.PowerOfTwoStriped(int)",1,2,2
"com.google.common.util.concurrent.Striped.PowerOfTwoStriped.get(Object)",1,1,1
"com.google.common.util.concurrent.Striped.PowerOfTwoStriped.indexFor(Object)",1,1,1
"com.google.common.util.concurrent.Striped.Striped()",1,1,1
"com.google.common.util.concurrent.Striped.bulkGet(Iterable<?>)",1,3,3
"com.google.common.util.concurrent.Striped.ceilToPowerOfTwo(int)",1,1,1
"com.google.common.util.concurrent.Striped.lazyWeakLock(int)",1,1,1
"com.google.common.util.concurrent.Striped.lazyWeakReadWriteLock(int)",1,1,1
"com.google.common.util.concurrent.Striped.lazyWeakSemaphore(int,int)",1,1,1
"com.google.common.util.concurrent.Striped.lock(int)",1,1,1
"com.google.common.util.concurrent.Striped.readWriteLock(int)",1,1,1
"com.google.common.util.concurrent.Striped.semaphore(int,int)",1,1,1
"com.google.common.util.concurrent.Striped.smear(int)",1,1,1
"com.google.common.util.concurrent.ThreadFactoryBuilder.ThreadFactoryBuilder()",1,1,1
"com.google.common.util.concurrent.ThreadFactoryBuilder.build()",1,1,1
"com.google.common.util.concurrent.ThreadFactoryBuilder.build(ThreadFactoryBuilder)",1,6,7
"com.google.common.util.concurrent.ThreadFactoryBuilder.setDaemon(boolean)",1,1,1
"com.google.common.util.concurrent.ThreadFactoryBuilder.setNameFormat(String)",1,1,1
"com.google.common.util.concurrent.ThreadFactoryBuilder.setPriority(int)",1,1,1
"com.google.common.util.concurrent.ThreadFactoryBuilder.setThreadFactory(ThreadFactory)",1,1,1
"com.google.common.util.concurrent.ThreadFactoryBuilder.setUncaughtExceptionHandler(UncaughtExceptionHandler)",1,1,1
"com.google.common.util.concurrent.UncaughtExceptionHandlers.Exiter.Exiter(Runtime)",1,1,1
"com.google.common.util.concurrent.UncaughtExceptionHandlers.Exiter.uncaughtException(Thread,Throwable)",1,1,1
"com.google.common.util.concurrent.UncaughtExceptionHandlers.UncaughtExceptionHandlers()",1,1,1
"com.google.common.util.concurrent.UncaughtExceptionHandlers.systemExit()",1,1,1
"com.google.common.util.concurrent.UncheckedExecutionException.UncheckedExecutionException()",1,1,1
"com.google.common.util.concurrent.UncheckedExecutionException.UncheckedExecutionException(String)",1,1,1
"com.google.common.util.concurrent.UncheckedExecutionException.UncheckedExecutionException(String,Throwable)",1,1,1
"com.google.common.util.concurrent.UncheckedExecutionException.UncheckedExecutionException(Throwable)",1,1,1
"com.google.common.util.concurrent.UncheckedTimeoutException.UncheckedTimeoutException()",1,1,1
"com.google.common.util.concurrent.UncheckedTimeoutException.UncheckedTimeoutException(String)",1,1,1
"com.google.common.util.concurrent.UncheckedTimeoutException.UncheckedTimeoutException(String,Throwable)",1,1,1
"com.google.common.util.concurrent.UncheckedTimeoutException.UncheckedTimeoutException(Throwable)",1,1,1
"com.google.common.util.concurrent.Uninterruptibles.Uninterruptibles()",1,1,1
"com.google.common.util.concurrent.Uninterruptibles.awaitUninterruptibly(CountDownLatch)",2,3,4
"com.google.common.util.concurrent.Uninterruptibles.awaitUninterruptibly(CountDownLatch,long,TimeUnit)",2,4,4
"com.google.common.util.concurrent.Uninterruptibles.getUninterruptibly(Future<V>)",2,3,4
"com.google.common.util.concurrent.Uninterruptibles.getUninterruptibly(Future<V>,long,TimeUnit)",2,4,4
"com.google.common.util.concurrent.Uninterruptibles.joinUninterruptibly(Thread)",2,3,4
"com.google.common.util.concurrent.Uninterruptibles.joinUninterruptibly(Thread,long,TimeUnit)",2,4,4
"com.google.common.util.concurrent.Uninterruptibles.putUninterruptibly(BlockingQueue<E>,E)",2,3,4
"com.google.common.util.concurrent.Uninterruptibles.sleepUninterruptibly(long,TimeUnit)",2,4,4
"com.google.common.util.concurrent.Uninterruptibles.takeUninterruptibly(BlockingQueue<E>)",2,3,4
"null.and(CharMatcher)",1,1,1
"null.apply(Cell<?, ?, ?>)",1,1,1
"null.apply(Cell<Object, Object, Object>)",1,1,1
"null.apply(Collection<?>)",1,1,1
"null.apply(Constructor<?>)",1,1,1
"null.apply(ListenableFuture<Object>)",1,1,1
"null.apply(Map<Object, Object>)",1,1,1
"null.apply(Object)",1,1,1
"null.apply(Type)",1,1,1
"null.apply(TypeToken<?>)",1,1,1
"null.checkKeyValue(Class<?>,Object)",1,1,1
"null.classify(int)",1,1,3
"null.clear(ValueReference<Object, Object>)",1,1,1
"null.collapseFrom(CharSequence,char)",1,1,1
"null.compare(Comparable,Comparable)",1,1,1
"null.compare(Entry<?>,Entry<?>)",1,1,1
"null.compare(T,T,Comparator<T>)",1,1,1
"null.compare(double,double)",1,1,1
"null.compare(float,float)",1,1,1
"null.compare(int,int)",1,1,1
"null.compare(long,long)",1,1,1
"null.compareFalseFirst(boolean,boolean)",1,1,1
"null.compareTrueFirst(boolean,boolean)",1,1,1
"null.copyEntry(Segment<K, V>,ReferenceEntry<K, V>,ReferenceEntry<K, V>)",1,1,1
"null.copyFor(ReferenceQueue<Object>,Object,ReferenceEntry<Object, Object>)",1,1,1
"null.countIn(CharSequence)",1,1,1
"null.defaultEquivalence()",1,1,1
"null.doStart()",2,5,5
"null.doStop()",1,1,1
"null.flip()",1,1,1
"null.get()",1,1,1
"null.getAccessTime()",1,1,1
"null.getEntry()",1,1,1
"null.getExpirationTime()",1,1,1
"null.getInterfaces(Class<?>)",1,1,1
"null.getInterfaces(TypeToken<?>)",1,1,1
"null.getNextEvictable()",1,1,1
"null.getNextExpirable()",1,1,1
"null.getNextInAccessQueue()",1,1,1
"null.getNextInWriteQueue()",1,1,1
"null.getOwnerType(Class<?>)",2,2,2
"null.getPreviousEvictable()",1,1,1
"null.getPreviousExpirable()",1,1,1
"null.getPreviousInAccessQueue()",1,1,1
"null.getPreviousInWriteQueue()",1,1,1
"null.getRawType(Class<?>)",1,1,1
"null.getRawType(TypeToken<?>)",1,1,1
"null.getSuperclass(Class<?>)",1,1,1
"null.getSuperclass(TypeToken<?>)",1,1,1
"null.getWeight()",1,1,1
"null.getWriteTime()",1,1,1
"null.handleLine(String,String)",1,1,1
"null.handlePotentialDeadlock(PotentialDeadlockException)",1,1,1
"null.hasNext()",1,1,1
"null.hasPrevious()",1,1,1
"null.indexIn(CharSequence)",1,1,1
"null.indexIn(CharSequence,int)",1,1,1
"null.initialValue()",1,1,1
"null.isActive()",1,1,1
"null.isComputingReference()",1,1,1
"null.isLoading()",1,1,1
"null.iterator()",1,1,1
"null.lastIndexIn(CharSequence)",1,1,1
"null.load(Class<?>)",1,1,1
"null.matches(char)",1,1,1
"null.matchesAllOf(CharSequence)",1,1,1
"null.matchesNoneOf(CharSequence)",1,1,1
"null.mightContain(T,Funnel<? super T>,int,BitArray)",3,2,4
"null.negate()",1,1,1
"null.newArrayType(Type)",2,2,2
"null.newEntry(Segment<K, V>,K,int,ReferenceEntry<K, V>)",1,1,1
"null.next()",1,1,1
"null.nextIndex()",1,1,1
"null.nodeAggregate(AvlNode<?>)",1,1,1
"null.notifyNewValue(Object)",1,1,1
"null.offer(Object)",1,1,1
"null.or(CharMatcher)",1,1,1
"null.peek()",1,1,1
"null.poll()",1,1,1
"null.previous()",1,1,1
"null.previousIndex()",1,1,1
"null.put(T,Funnel<? super T>,int,BitArray)",1,2,3
"null.read()",1,1,1
"null.recordEviction()",1,1,1
"null.recordHits(int)",1,1,1
"null.recordLoadException(long)",1,1,1
"null.recordLoadSuccess(long)",1,1,1
"null.recordMisses(int)",1,1,1
"null.referenceValue(Segment<K, V>,ReferenceEntry<K, V>,V)",1,1,1
"null.referenceValue(Segment<K, V>,ReferenceEntry<K, V>,V,int)",1,1,2
"null.remove()",1,1,1
"null.removeFrom(CharSequence)",1,1,1
"null.replaceFrom(CharSequence,CharSequence)",1,1,1
"null.replaceFrom(CharSequence,char)",1,1,1
"null.result()",1,1,1
"null.resultIndex(Comparator<? super E>,E,List<? extends E>,int)",1,1,1
"null.resultIndex(int)",1,1,1
"null.run()",1,1,3
"null.setAccessTime(long)",1,1,1
"null.setExpirationTime(long)",1,1,1
"null.setNextEvictable(ReferenceEntry<K, V>)",1,1,1
"null.setNextExpirable(ReferenceEntry<K, V>)",1,1,1
"null.setNextInAccessQueue(ReferenceEntry<K, V>)",1,1,1
"null.setNextInWriteQueue(ReferenceEntry<K, V>)",1,1,1
"null.setPreviousEvictable(ReferenceEntry<K, V>)",1,1,1
"null.setPreviousExpirable(ReferenceEntry<K, V>)",1,1,1
"null.setPreviousInAccessQueue(ReferenceEntry<K, V>)",1,1,1
"null.setPreviousInWriteQueue(ReferenceEntry<K, V>)",1,1,1
"null.setWriteTime(long)",1,1,1
"null.size()",1,1,1
"null.sleepMicrosUninterruptibly(long)",1,2,2
"null.snapshot()",1,1,1
"null.treeAggregate(AvlNode<?>)",1,1,2
"null.trimFrom(CharSequence)",1,1,1
"null.usedInGenericType(Type)",1,1,1
"null.waitForValue()",1,1,1
"null.wasEvicted()",1,1,1
"null.write(byte[])",1,1,1
"null.write(byte[],int,int)",1,1,1
"null.write(int)",1,1,1

Class,OCavg,WMC
"com.google.common.base.Absent","1,00",12
"com.google.common.base.Absent_CustomFieldSerializer","1,00",3
"com.google.common.base.AbstractIterator","1,83",11
"com.google.common.base.AbstractIterator.State",n/a,0
"com.google.common.base.Ascii","1,57",11
"com.google.common.base.CaseFormat","5,60",28
"com.google.common.base.CharMatcher","1,67",150
"com.google.common.base.CharMatcher.And","1,00",5
"com.google.common.base.CharMatcher.BitSetMatcher","1,00",3
"com.google.common.base.CharMatcher.FastMatcher","1,00",4
"com.google.common.base.CharMatcher.NegatedFastMatcher","1,00",4
"com.google.common.base.CharMatcher.NegatedMatcher","1,00",9
"com.google.common.base.CharMatcher.Or","1,00",5
"com.google.common.base.Charsets","1,00",1
"com.google.common.base.Defaults","1,00",3
"com.google.common.base.Enums","1,00",4
"com.google.common.base.Enums.ValueOfFunction","1,00",5
"com.google.common.base.Equivalence","1,33",12
"com.google.common.base.Equivalence.Equals","1,00",3
"com.google.common.base.Equivalence.EquivalentToPredicate","1,40",7
"com.google.common.base.Equivalence.Identity","1,00",3
"com.google.common.base.Equivalence.Wrapper","1,40",7
"com.google.common.base.FinalizablePhantomReference","1,00",1
"com.google.common.base.FinalizableReferenceQueue","1,80",9
"com.google.common.base.FinalizableReferenceQueue.DecoupledLoader","1,67",5
"com.google.common.base.FinalizableReferenceQueue.DirectLoader","1,00",1
"com.google.common.base.FinalizableReferenceQueue.SystemLoader","3,00",3
"com.google.common.base.FinalizableSoftReference","1,00",1
"com.google.common.base.FinalizableWeakReference","1,00",1
"com.google.common.base.FunctionalEquivalence","1,33",8
"com.google.common.base.Functions","1,00",9
"com.google.common.base.Functions.ConstantFunction","1,40",7
"com.google.common.base.Functions.ForMapWithDefault","1,40",7
"com.google.common.base.Functions.FunctionComposition","1,20",6
"com.google.common.base.Functions.FunctionForMapNoDefault","1,20",6
"com.google.common.base.Functions.IdentityFunction","1,00",2
"com.google.common.base.Functions.PredicateFunction","1,20",6
"com.google.common.base.Functions.SupplierFunction","1,20",6
"com.google.common.base.Functions.ToStringFunction","1,00",2
"com.google.common.base.GwtSerializationDependencies","1,00",1
"com.google.common.base.GwtSerializationDependencies.OptionalDependencies","1,00",12
"com.google.common.base.Joiner","1,34",43
"com.google.common.base.Joiner.MapJoiner","1,14",16
"com.google.common.base.MediumCharMatcher","3,17",19
"com.google.common.base.Objects","1,25",10
"com.google.common.base.Objects.ToStringHelper","1,15",23
"com.google.common.base.Objects.ToStringHelper.ValueHolder",n/a,0
"com.google.common.base.Optional","1,43",10
"com.google.common.base.PairwiseEquivalence","1,67",10
"com.google.common.base.PairwiseEquivalence_CustomFieldSerializer","1,00",5
"com.google.common.base.Platform","1,00",5
"com.google.common.base.Preconditions","2,16",41
"com.google.common.base.Predicates","1,09",24
"com.google.common.base.Predicates.AndPredicate","1,60",8
"com.google.common.base.Predicates.AssignableFromPredicate","1,20",6
"com.google.common.base.Predicates.CompositionPredicate","1,20",6
"com.google.common.base.Predicates.ContainsPatternPredicate","1,17",7
"com.google.common.base.Predicates.InPredicate","1,20",6
"com.google.common.base.Predicates.InstanceOfPredicate","1,20",6
"com.google.common.base.Predicates.IsEqualToPredicate","1,20",6
"com.google.common.base.Predicates.NotPredicate","1,20",6
"com.google.common.base.Predicates.ObjectPredicate","1,00",5
"com.google.common.base.Predicates.OrPredicate","1,60",8
"com.google.common.base.Present","1,08",13
"com.google.common.base.Present_CustomFieldSerializer","1,00",3
"com.google.common.base.SmallCharMatcher","3,71",26
"com.google.common.base.Splitter","1,17",35
"com.google.common.base.Splitter.MapSplitter","1,50",3
"com.google.common.base.Splitter.SplittingIterator","5,50",11
"com.google.common.base.Stopwatch","1,69",22
"com.google.common.base.Strings","2,40",24
"com.google.common.base.Suppliers","1,14",8
"com.google.common.base.Suppliers.ExpiringMemoizingSupplier","2,00",6
"com.google.common.base.Suppliers.MemoizingSupplier","1,67",5
"com.google.common.base.Suppliers.SupplierComposition","1,00",3
"com.google.common.base.Suppliers.SupplierFunction","1,00",2
"com.google.common.base.Suppliers.SupplierOfInstance","1,00",3
"com.google.common.base.Suppliers.ThreadSafeSupplier","1,00",3
"com.google.common.base.Throwables","1,33",12
"com.google.common.base.Ticker","1,00",3
"com.google.common.base.internal.Finalizer","2,00",12
"com.google.common.base.internal.Finalizer.ShutDown",n/a,0
"com.google.common.cache.AbstractCache","1,33",16
"com.google.common.cache.AbstractCache.SimpleStatsCounter","1,00",8
"com.google.common.cache.AbstractLoadingCache","1,40",7
"com.google.common.cache.CacheBuilder","1,48",74
"com.google.common.cache.CacheBuilder.NullListener","1,00",1
"com.google.common.cache.CacheBuilder.OneWeigher","1,00",1
"com.google.common.cache.CacheBuilderSpec","3,22",29
"com.google.common.cache.CacheBuilderSpec.AccessDurationParser","1,00",1
"com.google.common.cache.CacheBuilderSpec.ConcurrencyLevelParser","1,00",1
"com.google.common.cache.CacheBuilderSpec.DurationParser","6,00",6
"com.google.common.cache.CacheBuilderSpec.InitialCapacityParser","1,00",1
"com.google.common.cache.CacheBuilderSpec.IntegerParser","1,00",1
"com.google.common.cache.CacheBuilderSpec.KeyStrengthParser","1,00",2
"com.google.common.cache.CacheBuilderSpec.LongParser","1,00",1
"com.google.common.cache.CacheBuilderSpec.MaximumSizeParser","1,00",1
"com.google.common.cache.CacheBuilderSpec.MaximumWeightParser","1,00",1
"com.google.common.cache.CacheBuilderSpec.RefreshDurationParser","1,00",1
"com.google.common.cache.CacheBuilderSpec.ValueStrengthParser","1,00",2
"com.google.common.cache.CacheBuilderSpec.WriteDurationParser","1,00",1
"com.google.common.cache.CacheLoader","1,00",5
"com.google.common.cache.CacheLoader.FunctionToCacheLoader","1,00",2
"com.google.common.cache.CacheLoader.InvalidCacheLoadException","1,00",1
"com.google.common.cache.CacheLoader.SupplierToCacheLoader","1,00",2
"com.google.common.cache.CacheLoader.UnsupportedLoadingOperationException",n/a,0
"com.google.common.cache.CacheStats","1,28",23
"com.google.common.cache.ForwardingCache","1,00",13
"com.google.common.cache.ForwardingCache.SimpleForwardingCache","1,00",2
"com.google.common.cache.ForwardingLoadingCache","1,00",6
"com.google.common.cache.ForwardingLoadingCache.SimpleForwardingLoadingCache","1,00",2
"com.google.common.cache.LocalCache","1,74",134
"com.google.common.cache.LocalCache.AbstractCacheSet","1,00",4
"com.google.common.cache.LocalCache.AbstractReferenceEntry","1,00",17
"com.google.common.cache.LocalCache.AccessQueue","1,31",21
"com.google.common.cache.LocalCache.EntryFactory","1,17",21
"com.google.common.cache.LocalCache.EntryIterator","1,00",1
"com.google.common.cache.LocalCache.EntrySet","1,75",7
"com.google.common.cache.LocalCache.HashIterator","2,62",21
"com.google.common.cache.LocalCache.KeyIterator","1,00",1
"com.google.common.cache.LocalCache.KeySet","1,00",4
"com.google.common.cache.LocalCache.LoadingSerializationProxy","1,00",8
"com.google.common.cache.LocalCache.LoadingValueReference","1,35",23
"com.google.common.cache.LocalCache.LocalLoadingCache","1,00",7
"com.google.common.cache.LocalCache.LocalManualCache","1,06",17
"com.google.common.cache.LocalCache.ManualSerializationProxy","2,17",13
"com.google.common.cache.LocalCache.NullEntry","1,00",17
"com.google.common.cache.LocalCache.Segment","3,31",202
"com.google.common.cache.LocalCache.SoftValueReference","1,00",8
"com.google.common.cache.LocalCache.Strength","1,50",9
"com.google.common.cache.LocalCache.StrongAccessEntry","1,00",7
"com.google.common.cache.LocalCache.StrongAccessWriteEntry","1,00",13
"com.google.common.cache.LocalCache.StrongEntry","1,00",18
"com.google.common.cache.LocalCache.StrongValueReference","1,00",9
"com.google.common.cache.LocalCache.StrongWriteEntry","1,00",7
"com.google.common.cache.LocalCache.ValueIterator","1,00",1
"com.google.common.cache.LocalCache.Values","1,00",3
"com.google.common.cache.LocalCache.WeakAccessEntry","1,00",7
"com.google.common.cache.LocalCache.WeakAccessWriteEntry","1,00",13
"com.google.common.cache.LocalCache.WeakEntry","1,00",18
"com.google.common.cache.LocalCache.WeakValueReference","1,00",8
"com.google.common.cache.LocalCache.WeakWriteEntry","1,00",7
"com.google.common.cache.LocalCache.WeightedSoftValueReference","1,00",3
"com.google.common.cache.LocalCache.WeightedStrongValueReference","1,00",2
"com.google.common.cache.LocalCache.WeightedWeakValueReference","1,00",3
"com.google.common.cache.LocalCache.WriteQueue","1,31",21
"com.google.common.cache.LocalCache.WriteThroughEntry","1,14",8
"com.google.common.cache.LongAdder","1,53",23
"com.google.common.cache.RemovalCause","1,00",5
"com.google.common.cache.RemovalListeners","1,00",4
"com.google.common.cache.RemovalNotification","1,33",12
"com.google.common.cache.Striped64","4,00",28
"com.google.common.cache.Striped64.Cell","1,00",2
"com.google.common.cache.Striped64.HashCode","2,00",2
"com.google.common.cache.Striped64.ThreadHashCode","1,00",1
"com.google.common.collect.AbstractBiMap","1,38",29
"com.google.common.collect.AbstractBiMap.EntrySet","1,13",17
"com.google.common.collect.AbstractBiMap.Inverse","1,00",6
"com.google.common.collect.AbstractBiMap.KeySet","1,17",7
"com.google.common.collect.AbstractBiMap.ValueSet","1,00",5
"com.google.common.collect.AbstractIndexedListIterator","1,25",10
"com.google.common.collect.AbstractIterator","2,00",12
"com.google.common.collect.AbstractIterator.State",n/a,0
"com.google.common.collect.AbstractListMultimap","1,00",7
"com.google.common.collect.AbstractMapBasedMultiset","1,60",32
"com.google.common.collect.AbstractMapBasedMultiset.MapBasedElementSet","1,00",1
"com.google.common.collect.AbstractMapBasedMultiset.MapBasedMultisetIterator","1,75",7
"com.google.common.collect.AbstractMapEntry","1,75",7
"com.google.common.collect.AbstractMultimap","1,95",80
"com.google.common.collect.AbstractMultimap.AsMap","1,36",15
"com.google.common.collect.AbstractMultimap.AsMap.AsMapEntries","1,25",5
"com.google.common.collect.AbstractMultimap.AsMap.AsMapIterator","1,00",3
"com.google.common.collect.AbstractMultimap.EntryIterator","1,60",8
"com.google.common.collect.AbstractMultimap.KeySet","1,09",12
"com.google.common.collect.AbstractMultimap.RandomAccessWrappedList","1,00",1
"com.google.common.collect.AbstractMultimap.SortedAsMap","1,11",10
"com.google.common.collect.AbstractMultimap.SortedKeySet","1,00",8
"com.google.common.collect.AbstractMultimap.WrappedCollection","1,95",39
"com.google.common.collect.AbstractMultimap.WrappedCollection.WrappedIterator","1,14",8
"com.google.common.collect.AbstractMultimap.WrappedList","1,42",17
"com.google.common.collect.AbstractMultimap.WrappedList.WrappedListIterator","1,11",10
"com.google.common.collect.AbstractMultimap.WrappedSet","2,00",4
"com.google.common.collect.AbstractMultimap.WrappedSortedSet","1,38",11
"com.google.common.collect.AbstractMultiset","1,18",26
"com.google.common.collect.AbstractMultiset.ElementSet","1,00",1
"com.google.common.collect.AbstractMultiset.EntrySet","1,00",3
"com.google.common.collect.AbstractSequentialIterator","1,33",4
"com.google.common.collect.AbstractSetMultimap","1,00",8
"com.google.common.collect.AbstractSortedMultiset","1,29",22
"com.google.common.collect.AbstractSortedSetMultimap","1,00",6
"com.google.common.collect.AllEqualOrdering","1,00",6
"com.google.common.collect.AllEqualOrdering_CustomFieldSerializer","1,00",3
"com.google.common.collect.ArrayListMultimap","1,20",12
"com.google.common.collect.ArrayListMultimap_CustomFieldSerializer","1,00",3
"com.google.common.collect.ArrayTable","1,47",53
"com.google.common.collect.ArrayTable.ArrayMap","1,12",19
"com.google.common.collect.ArrayTable.CellSet","1,14",8
"com.google.common.collect.ArrayTable.Column","1,00",4
"com.google.common.collect.ArrayTable.ColumnMap","1,00",5
"com.google.common.collect.ArrayTable.Row","1,00",4
"com.google.common.collect.ArrayTable.RowMap","1,00",5
"com.google.common.collect.ArrayTable.Values","1,00",3
"com.google.common.collect.AsynchronousComputationException","1,00",1
"com.google.common.collect.BoundType","1,33",4
"com.google.common.collect.ByFunctionOrdering","1,40",7
"com.google.common.collect.ByFunctionOrdering_CustomFieldSerializer","1,00",3
"com.google.common.collect.Collections2","1,36",19
"com.google.common.collect.Collections2.FilteredCollection","1,17",21
"com.google.common.collect.Collections2.OrderedPermutationCollection","1,71",12
"com.google.common.collect.Collections2.OrderedPermutationIterator","2,20",11
"com.google.common.collect.Collections2.PermutationCollection","1,17",7
"com.google.common.collect.Collections2.PermutationIterator","2,75",11
"com.google.common.collect.Collections2.TransformedCollection","1,00",5
"com.google.common.collect.ComparatorOrdering","1,38",11
"com.google.common.collect.ComparatorOrdering_CustomFieldSerializer","1,00",3
"com.google.common.collect.ComparisonChain","1,15",15
"com.google.common.collect.ComparisonChain.InactiveComparisonChain","1,00",10
"com.google.common.collect.CompoundOrdering","1,67",10
"com.google.common.collect.CompoundOrdering_CustomFieldSerializer","1,00",3
"com.google.common.collect.ComputationException","1,00",1
"com.google.common.collect.ComputingConcurrentHashMap","1,00",5
"com.google.common.collect.ComputingConcurrentHashMap.ComputationExceptionReference","1,00",7
"com.google.common.collect.ComputingConcurrentHashMap.ComputedReference","1,00",7
"com.google.common.collect.ComputingConcurrentHashMap.ComputingSegment","6,67",20
"com.google.common.collect.ComputingConcurrentHashMap.ComputingSerializationProxy","1,00",4
"com.google.common.collect.ComputingConcurrentHashMap.ComputingValueReference","1,44",13
"com.google.common.collect.ConcurrentHashMultiset","2,53",76
"com.google.common.collect.ConcurrentHashMultiset.EntrySet","1,40",7
"com.google.common.collect.ConcurrentHashMultiset.FieldSettersHolder",n/a,0
"com.google.common.collect.Constraints","1,50",15
"com.google.common.collect.Constraints.ConstrainedCollection","1,00",4
"com.google.common.collect.Constraints.ConstrainedList","1,00",10
"com.google.common.collect.Constraints.ConstrainedListIterator","1,00",4
"com.google.common.collect.Constraints.ConstrainedMultiset","1,00",7
"com.google.common.collect.Constraints.ConstrainedRandomAccessList","1,00",1
"com.google.common.collect.Constraints.ConstrainedSet","1,00",4
"com.google.common.collect.Constraints.ConstrainedSortedSet","1,00",7
"com.google.common.collect.Constraints.NotNullConstraint","1,00",2
"com.google.common.collect.ContiguousSet","1,33",12
"com.google.common.collect.Count","1,00",9
"com.google.common.collect.Cut","1,44",13
"com.google.common.collect.Cut.AboveAll","1,08",14
"com.google.common.collect.Cut.AboveValue","1,75",21
"com.google.common.collect.Cut.BelowAll","1,07",15
"com.google.common.collect.Cut.BelowValue","1,73",19
"com.google.common.collect.DescendingImmutableSortedMultiset","1,00",14
"com.google.common.collect.DiscreteDomain","1,00",3
"com.google.common.collect.DiscreteDomains","1,00",4
"com.google.common.collect.DiscreteDomains.BigIntegerDomain","1,00",4
"com.google.common.collect.DiscreteDomains.IntegerDomain","1,33",8
"com.google.common.collect.DiscreteDomains.LongDomain","1,67",10
"com.google.common.collect.EmptyContiguousSet","1,05",21
"com.google.common.collect.EmptyContiguousSet.SerializedForm","1,00",2
"com.google.common.collect.EmptyImmutableBiMap","1,00",5
"com.google.common.collect.EmptyImmutableBiMap_CustomFieldSerializer","1,00",3
"com.google.common.collect.EmptyImmutableList","1,10",22
"com.google.common.collect.EmptyImmutableListMultimap","1,00",2
"com.google.common.collect.EmptyImmutableListMultimap_CustomFieldSerializer","1,00",3
"com.google.common.collect.EmptyImmutableList_CustomFieldSerializer","1,00",3
"com.google.common.collect.EmptyImmutableMap","1,07",16
"com.google.common.collect.EmptyImmutableMap_CustomFieldSerializer","1,00",3
"com.google.common.collect.EmptyImmutableMultiset","1,07",16
"com.google.common.collect.EmptyImmutableMultiset_CustomFieldSerializer","1,00",3
"com.google.common.collect.EmptyImmutableSet","1,07",16
"com.google.common.collect.EmptyImmutableSetMultimap","1,00",2
"com.google.common.collect.EmptyImmutableSetMultimap_CustomFieldSerializer","1,00",3
"com.google.common.collect.EmptyImmutableSet_CustomFieldSerializer","1,00",3
"com.google.common.collect.EmptyImmutableSortedMap","1,06",17
"com.google.common.collect.EmptyImmutableSortedMap_CustomFieldSerializer","1,00",3
"com.google.common.collect.EmptyImmutableSortedMultiset","1,05",21
"com.google.common.collect.EmptyImmutableSortedSet","1,05",21
"com.google.common.collect.EmptyImmutableSortedSet_CustomFieldSerializer","1,00",3
"com.google.common.collect.EmptyImmutableTable","1,10",22
"com.google.common.collect.EnumBiMap","1,27",14
"com.google.common.collect.EnumHashBiMap","1,00",9
"com.google.common.collect.EnumMultiset","1,00",5
"com.google.common.collect.ExplicitOrdering","1,38",11
"com.google.common.collect.ExplicitOrdering_CustomFieldSerializer","1,00",3
"com.google.common.collect.FluentIterable","1,31",42
"com.google.common.collect.FluentIterable.FromIterableFunction","1,00",1
"com.google.common.collect.ForwardingCollection","1,20",30
"com.google.common.collect.ForwardingConcurrentMap","1,00",5
"com.google.common.collect.ForwardingDeque","1,00",18
"com.google.common.collect.ForwardingImmutableList","1,00",1
"com.google.common.collect.ForwardingImmutableList_CustomFieldSerializer",n/a,0
"com.google.common.collect.ForwardingImmutableMap","1,00",1
"com.google.common.collect.ForwardingImmutableSet","1,00",1
"com.google.common.collect.ForwardingImmutableSet_CustomFieldSerializer",n/a,0
"com.google.common.collect.ForwardingIterator","1,00",4
"com.google.common.collect.ForwardingList","1,00",23
"com.google.common.collect.ForwardingListIterator","1,00",7
"com.google.common.collect.ForwardingListMultimap","1,00",4
"com.google.common.collect.ForwardingMap","1,12",27
"com.google.common.collect.ForwardingMap.StandardEntrySet","1,00",2
"com.google.common.collect.ForwardingMap.StandardKeySet","1,00",2
"com.google.common.collect.ForwardingMap.StandardValues","1,00",2
"com.google.common.collect.ForwardingMapEntry","1,33",12
"com.google.common.collect.ForwardingMultimap","1,00",21
"com.google.common.collect.ForwardingMultiset","1,12",28
"com.google.common.collect.ForwardingMultiset.StandardElementSet","1,00",2
"com.google.common.collect.ForwardingNavigableMap","1,08",41
"com.google.common.collect.ForwardingNavigableMap.StandardDescendingMap","1,17",7
"com.google.common.collect.ForwardingNavigableMap.StandardNavigableKeySet","1,00",2
"com.google.common.collect.ForwardingNavigableSet","1,04",26
"com.google.common.collect.ForwardingNavigableSet.StandardDescendingSet","1,00",1
"com.google.common.collect.ForwardingObject","1,00",2
"com.google.common.collect.ForwardingQueue","1,00",9
"com.google.common.collect.ForwardingSet","1,00",6
"com.google.common.collect.ForwardingSetMultimap","1,00",4
"com.google.common.collect.ForwardingSortedMap","1,27",14
"com.google.common.collect.ForwardingSortedSet","1,27",14
"com.google.common.collect.ForwardingSortedSetMultimap","1,00",5
"com.google.common.collect.ForwardingTable","1,00",22
"com.google.common.collect.GeneralRange","2,18",48
"com.google.common.collect.GenericMapMaker","1,00",2
"com.google.common.collect.GenericMapMaker.NullListener","1,00",1
"com.google.common.collect.GwtSerializationDependencies","1,00",1
"com.google.common.collect.GwtSerializationDependencies.HashBasedTableDependencies","1,00",1
"com.google.common.collect.GwtSerializationDependencies.ImmutableListMultimapDependencies","1,00",1
"com.google.common.collect.GwtSerializationDependencies.ImmutableSetMultimapDependencies","1,00",1
"com.google.common.collect.GwtSerializationDependencies.LinkedListMultimapDependencies","1,00",1
"com.google.common.collect.GwtSerializationDependencies.TreeBasedTableDependencies","1,00",1
"com.google.common.collect.GwtSerializationDependencies.TreeMultimapDependencies","1,00",1
"com.google.common.collect.HashBasedTable","1,00",11
"com.google.common.collect.HashBasedTable.Factory","1,00",2
"com.google.common.collect.HashBasedTable_CustomFieldSerializer","1,33",4
"com.google.common.collect.HashBiMap","1,00",9
"com.google.common.collect.HashMultimap","1,00",9
"com.google.common.collect.HashMultimap_CustomFieldSerializer","1,00",3
"com.google.common.collect.HashMultiset","1,00",7
"com.google.common.collect.HashMultiset_CustomFieldSerializer","1,00",3
"com.google.common.collect.Hashing","1,00",2
"com.google.common.collect.ImmutableAsList","1,00",6
"com.google.common.collect.ImmutableAsList.SerializedForm","1,00",2
"com.google.common.collect.ImmutableAsList_CustomFieldSerializer",n/a,0
"com.google.common.collect.ImmutableBiMap","1,14",25
"com.google.common.collect.ImmutableBiMap.Builder","1,25",5
"com.google.common.collect.ImmutableBiMap.SerializedForm","1,00",2
"com.google.common.collect.ImmutableBiMap_CustomFieldSerializer",n/a,0
"com.google.common.collect.ImmutableClassToInstanceMap","1,17",7
"com.google.common.collect.ImmutableClassToInstanceMap.Builder","1,25",5
"com.google.common.collect.ImmutableCollection","1,25",20
"com.google.common.collect.ImmutableCollection.ArrayImmutableCollection","1,17",7
"com.google.common.collect.ImmutableCollection.Builder","2,20",11
"com.google.common.collect.ImmutableCollection.EmptyImmutableCollection","1,12",9
"com.google.common.collect.ImmutableCollection.SerializedForm","1,50",3
"com.google.common.collect.ImmutableEntry","1,00",4
"com.google.common.collect.ImmutableEntry_CustomFieldSerializer","1,00",3
"com.google.common.collect.ImmutableEnumSet","1,08",14
"com.google.common.collect.ImmutableEnumSet.EnumSerializedForm","1,00",2
"com.google.common.collect.ImmutableEnumSet_CustomFieldSerializer","1,00",3
"com.google.common.collect.ImmutableList","1,41",58
"com.google.common.collect.ImmutableList.Builder","1,88",15
"com.google.common.collect.ImmutableList.ReverseImmutableList","1,10",22
"com.google.common.collect.ImmutableList.SerializedForm","1,00",2
"com.google.common.collect.ImmutableList.SubList","1,00",5
"com.google.common.collect.ImmutableListMultimap","1,75",28
"com.google.common.collect.ImmutableListMultimap.Builder","1,00",9
"com.google.common.collect.ImmutableListMultimap_CustomFieldSerializer","1,00",3
"com.google.common.collect.ImmutableList_CustomFieldSerializer",n/a,0
"com.google.common.collect.ImmutableMap","1,32",37
"com.google.common.collect.ImmutableMap.Builder","1,83",11
"com.google.common.collect.ImmutableMap.SerializedForm","1,67",5
"com.google.common.collect.ImmutableMapEntrySet","1,20",6
"com.google.common.collect.ImmutableMapEntrySet.EntrySetSerializedForm","1,00",2
"com.google.common.collect.ImmutableMapKeySet","1,00",9
"com.google.common.collect.ImmutableMapKeySet.KeySetSerializedForm","1,00",2
"com.google.common.collect.ImmutableMapValues","1,00",9
"com.google.common.collect.ImmutableMapValues.SerializedForm","1,00",2
"com.google.common.collect.ImmutableMultimap","1,26",39
"com.google.common.collect.ImmutableMultimap.Builder","1,60",16
"com.google.common.collect.ImmutableMultimap.BuilderMultimap","1,00",2
"com.google.common.collect.ImmutableMultimap.EntryCollection","1,29",9
"com.google.common.collect.ImmutableMultimap.FieldSettersHolder",n/a,0
"com.google.common.collect.ImmutableMultimap.Keys","1,17",7
"com.google.common.collect.ImmutableMultimap.Keys.KeysEntrySet","1,00",5
"com.google.common.collect.ImmutableMultimap.Values","1,00",4
"com.google.common.collect.ImmutableMultiset","1,45",42
"com.google.common.collect.ImmutableMultiset.Builder","1,22",11
"com.google.common.collect.ImmutableMultiset.EntrySet","1,83",11
"com.google.common.collect.ImmutableMultiset.EntrySetSerializedForm","1,00",2
"com.google.common.collect.ImmutableMultiset.SerializedForm","2,00",4
"com.google.common.collect.ImmutableMultiset_CustomFieldSerializer",n/a,0
"com.google.common.collect.ImmutableSet","2,20",44
"com.google.common.collect.ImmutableSet.ArrayImmutableSet","1,56",14
"com.google.common.collect.ImmutableSet.Builder","1,38",11
"com.google.common.collect.ImmutableSet.SerializedForm","1,00",2
"com.google.common.collect.ImmutableSetMultimap","1,94",35
"com.google.common.collect.ImmutableSetMultimap.Builder","1,40",14
"com.google.common.collect.ImmutableSetMultimap.BuilderMultimap","1,00",2
"com.google.common.collect.ImmutableSetMultimap.SortedKeyBuilderMultimap","1,00",2
"com.google.common.collect.ImmutableSetMultimap_CustomFieldSerializer","1,00",3
"com.google.common.collect.ImmutableSet_CustomFieldSerializer",n/a,0
"com.google.common.collect.ImmutableSortedAsList","1,14",8
"com.google.common.collect.ImmutableSortedMap","1,33",64
"com.google.common.collect.ImmutableSortedMap.Builder","1,20",6
"com.google.common.collect.ImmutableSortedMap.SerializedForm","1,00",2
"com.google.common.collect.ImmutableSortedMapFauxverideShim","1,00",6
"com.google.common.collect.ImmutableSortedMap_CustomFieldSerializer",n/a,0
"com.google.common.collect.ImmutableSortedMap_CustomFieldSerializerBase","1,00",3
"com.google.common.collect.ImmutableSortedMultiset","1,28",32
"com.google.common.collect.ImmutableSortedMultiset.Builder","1,00",8
"com.google.common.collect.ImmutableSortedMultiset.SerializedForm","2,00",4
"com.google.common.collect.ImmutableSortedMultisetFauxverideShim","1,00",8
"com.google.common.collect.ImmutableSortedSet","1,26",53
"com.google.common.collect.ImmutableSortedSet.Builder","1,00",6
"com.google.common.collect.ImmutableSortedSet.SerializedForm","1,00",2
"com.google.common.collect.ImmutableSortedSetFauxverideShim","1,00",8
"com.google.common.collect.ImmutableSortedSet_CustomFieldSerializer",n/a,0
"com.google.common.collect.ImmutableTable","1,54",20
"com.google.common.collect.ImmutableTable.Builder","1,71",12
"com.google.common.collect.Interners","1,20",6
"com.google.common.collect.Interners.InternerFunction","1,25",5
"com.google.common.collect.Interners.WeakInterner","5,00",5
"com.google.common.collect.Interners.WeakInterner.Dummy",n/a,0
"com.google.common.collect.Iterables","1,46",104
"com.google.common.collect.Iterables.ConsumingQueueIterator","1,00",2
"com.google.common.collect.Iterables.UnmodifiableIterable","1,00",3
"com.google.common.collect.Iterators","1,58",155
"com.google.common.collect.Iterators.MergingIterator","2,33",7
"com.google.common.collect.Iterators.PeekingImpl","1,40",7
"com.google.common.collect.LexicographicalOrdering","2,20",11
"com.google.common.collect.LexicographicalOrdering_CustomFieldSerializer","1,00",3
"com.google.common.collect.LinkedHashMultimap","1,25",25
"com.google.common.collect.LinkedHashMultimap.ValueEntry","1,00",11
"com.google.common.collect.LinkedHashMultimap.ValueSet","2,18",37
"com.google.common.collect.LinkedHashMultimap_CustomFieldSerializer","2,33",7
"com.google.common.collect.LinkedHashMultiset","1,00",7
"com.google.common.collect.LinkedHashMultiset_CustomFieldSerializer","1,00",3
"com.google.common.collect.LinkedListMultimap","1,56",92
"com.google.common.collect.LinkedListMultimap.DistinctKeyIterator","1,33",4
"com.google.common.collect.LinkedListMultimap.MultisetView","1,07",15
"com.google.common.collect.LinkedListMultimap.Node","1,00",2
"com.google.common.collect.LinkedListMultimap.NodeIterator","1,33",16
"com.google.common.collect.LinkedListMultimap.ValueForKeyIterator","1,36",15
"com.google.common.collect.LinkedListMultimap_CustomFieldSerializer","1,67",5
"com.google.common.collect.Lists","1,62",47
"com.google.common.collect.Lists.AbstractListWrapper","1,00",8
"com.google.common.collect.Lists.CharSequenceAsList","2,22",20
"com.google.common.collect.Lists.OnePlusArrayList","1,33",4
"com.google.common.collect.Lists.Partition","1,25",5
"com.google.common.collect.Lists.RandomAccessListWrapper","1,00",1
"com.google.common.collect.Lists.RandomAccessPartition","1,00",1
"com.google.common.collect.Lists.RandomAccessReverseList","1,00",1
"com.google.common.collect.Lists.ReverseList","1,14",32
"com.google.common.collect.Lists.StringAsImmutableList","1,89",17
"com.google.common.collect.Lists.TransformingRandomAccessList","1,00",6
"com.google.common.collect.Lists.TransformingSequentialList","1,00",13
"com.google.common.collect.Lists.TwoPlusArrayList","2,00",6
"com.google.common.collect.MapConstraints","1,15",23
"com.google.common.collect.MapConstraints.ConstrainedAsMapEntries","1,00",14
"com.google.common.collect.MapConstraints.ConstrainedAsMapValues","1,00",13
"com.google.common.collect.MapConstraints.ConstrainedBiMap","1,20",6
"com.google.common.collect.MapConstraints.ConstrainedEntries","1,00",12
"com.google.common.collect.MapConstraints.ConstrainedEntrySet","1,00",3
"com.google.common.collect.MapConstraints.ConstrainedListMultimap","1,00",4
"com.google.common.collect.MapConstraints.ConstrainedMap","1,20",6
"com.google.common.collect.MapConstraints.ConstrainedMultimap","1,40",21
"com.google.common.collect.MapConstraints.ConstrainedSetMultimap","1,00",5
"com.google.common.collect.MapConstraints.ConstrainedSortedSetMultimap","1,00",5
"com.google.common.collect.MapConstraints.InverseConstraint","1,00",2
"com.google.common.collect.MapConstraints.NotNullMapConstraint","1,00",2
"com.google.common.collect.MapMaker","1,78",48
"com.google.common.collect.MapMaker.ComputingMapAdapter","1,50",3
"com.google.common.collect.MapMaker.NullComputingConcurrentMap","1,00",3
"com.google.common.collect.MapMaker.NullConcurrentMap","1,00",12
"com.google.common.collect.MapMaker.RemovalCause","1,00",5
"com.google.common.collect.MapMaker.RemovalNotification","1,00",3
"com.google.common.collect.MapMakerInternalMap","1,66",96
"com.google.common.collect.MapMakerInternalMap.AbstractReferenceEntry","1,00",15
"com.google.common.collect.MapMakerInternalMap.AbstractSerializationProxy","2,20",11
"com.google.common.collect.MapMakerInternalMap.CleanupMapTask","2,00",4
"com.google.common.collect.MapMakerInternalMap.EntryFactory","1,08",27
"com.google.common.collect.MapMakerInternalMap.EntryIterator","1,00",1
"com.google.common.collect.MapMakerInternalMap.EntrySet","1,50",9
"com.google.common.collect.MapMakerInternalMap.EvictionQueue","1,36",19
"com.google.common.collect.MapMakerInternalMap.ExpirationQueue","1,31",21
"com.google.common.collect.MapMakerInternalMap.HashIterator","2,62",21
"com.google.common.collect.MapMakerInternalMap.KeyIterator","1,00",1
"com.google.common.collect.MapMakerInternalMap.KeySet","1,00",6
"com.google.common.collect.MapMakerInternalMap.NullEntry","1,00",15
"com.google.common.collect.MapMakerInternalMap.Segment","3,16",158
"com.google.common.collect.MapMakerInternalMap.SerializationProxy","1,00",4
"com.google.common.collect.MapMakerInternalMap.SoftEntry","1,00",16
"com.google.common.collect.MapMakerInternalMap.SoftEvictableEntry","1,00",5
"com.google.common.collect.MapMakerInternalMap.SoftExpirableEntry","1,00",7
"com.google.common.collect.MapMakerInternalMap.SoftExpirableEvictableEntry","1,00",11
"com.google.common.collect.MapMakerInternalMap.SoftValueReference","1,00",6
"com.google.common.collect.MapMakerInternalMap.Strength","1,00",6
"com.google.common.collect.MapMakerInternalMap.StrongEntry","1,00",16
"com.google.common.collect.MapMakerInternalMap.StrongEvictableEntry","1,00",5
"com.google.common.collect.MapMakerInternalMap.StrongExpirableEntry","1,00",7
"com.google.common.collect.MapMakerInternalMap.StrongExpirableEvictableEntry","1,00",11
"com.google.common.collect.MapMakerInternalMap.StrongValueReference","1,00",7
"com.google.common.collect.MapMakerInternalMap.ValueIterator","1,00",1
"com.google.common.collect.MapMakerInternalMap.Values","1,00",5
"com.google.common.collect.MapMakerInternalMap.WeakEntry","1,00",16
"com.google.common.collect.MapMakerInternalMap.WeakEvictableEntry","1,00",5
"com.google.common.collect.MapMakerInternalMap.WeakExpirableEntry","1,00",7
"com.google.common.collect.MapMakerInternalMap.WeakExpirableEvictableEntry","1,00",11
"com.google.common.collect.MapMakerInternalMap.WeakValueReference","1,00",6
"com.google.common.collect.MapMakerInternalMap.WriteThroughEntry","1,17",7
"com.google.common.collect.Maps","1,33",132
"com.google.common.collect.Maps.AbstractFilteredMap","1,44",13
"com.google.common.collect.Maps.AbstractFilteredMap.Values","1,55",17
"com.google.common.collect.Maps.AsMapView","1,12",18
"com.google.common.collect.Maps.DescendingMap","1,12",38
"com.google.common.collect.Maps.EntrySet","1,71",12
"com.google.common.collect.Maps.FilteredEntryMap","1,67",5
"com.google.common.collect.Maps.FilteredEntryMap.EntrySet","1,00",6
"com.google.common.collect.Maps.FilteredEntryMap.KeySet","1,30",13
"com.google.common.collect.Maps.FilteredEntrySortedMap","1,25",10
"com.google.common.collect.Maps.FilteredKeyMap","1,50",6
"com.google.common.collect.Maps.ImprovedAbstractMap","1,60",8
"com.google.common.collect.Maps.KeySet","1,17",7
"com.google.common.collect.Maps.MapDifferenceImpl","1,67",15
"com.google.common.collect.Maps.NavigableAsMapView","1,24",31
"com.google.common.collect.Maps.NavigableKeySet","1,00",17
"com.google.common.collect.Maps.SortedAsMapView","1,00",9
"com.google.common.collect.Maps.SortedMapDifferenceImpl","1,00",5
"com.google.common.collect.Maps.TransformedEntriesMap","1,27",19
"com.google.common.collect.Maps.TransformedEntriesNavigableMap","1,04",25
"com.google.common.collect.Maps.TransformedEntriesSortedMap","1,00",8
"com.google.common.collect.Maps.UnmodifiableBiMap","1,40",7
"com.google.common.collect.Maps.UnmodifiableEntries","1,00",14
"com.google.common.collect.Maps.UnmodifiableEntrySet","1,00",3
"com.google.common.collect.Maps.UnmodifiableNavigableMap","1,04",25
"com.google.common.collect.Maps.ValueDifferenceImpl","1,14",8
"com.google.common.collect.Maps.Values","1,75",14
"com.google.common.collect.MinMaxPriorityQueue","1,66",58
"com.google.common.collect.MinMaxPriorityQueue.Builder","1,17",7
"com.google.common.collect.MinMaxPriorityQueue.Heap","2,41",41
"com.google.common.collect.MinMaxPriorityQueue.MoveDesc","1,00",1
"com.google.common.collect.MinMaxPriorityQueue.QueueIterator","2,86",20
"com.google.common.collect.Multimap_CustomFieldSerializerBase","2,50",10
"com.google.common.collect.Multimaps","1,29",49
"com.google.common.collect.Multimaps.AsMap","1,25",10
"com.google.common.collect.Multimaps.AsMap.EntrySet","1,33",4
"com.google.common.collect.Multimaps.CustomListMultimap","1,00",4
"com.google.common.collect.Multimaps.CustomMultimap","1,00",4
"com.google.common.collect.Multimaps.CustomSetMultimap","1,00",4
"com.google.common.collect.Multimaps.CustomSortedSetMultimap","1,00",5
"com.google.common.collect.Multimaps.Entries","1,50",6
"com.google.common.collect.Multimaps.EntrySet","1,00",2
"com.google.common.collect.Multimaps.FilteredMultimap","1,64",46
"com.google.common.collect.Multimaps.FilteredMultimap.AsMap","1,57",11
"com.google.common.collect.Multimaps.FilteredMultimap.AsMap.EntrySet","1,29",9
"com.google.common.collect.Multimaps.FilteredMultimap.AsMap.KeySet","1,20",6
"com.google.common.collect.Multimaps.FilteredMultimap.AsMap.Values","1,33",8
"com.google.common.collect.Multimaps.FilteredMultimap.Keys","2,33",7
"com.google.common.collect.Multimaps.FilteredMultimap.Keys.EntrySet","1,00",3
"com.google.common.collect.Multimaps.FilteredMultimap.ValuePredicate","1,00",2
"com.google.common.collect.Multimaps.FilteredMultimap.Values","2,20",11
"com.google.common.collect.Multimaps.Keys","1,50",18
"com.google.common.collect.Multimaps.Keys.KeysEntrySet","1,50",9
"com.google.common.collect.Multimaps.MapMultimap","1,26",34
"com.google.common.collect.Multimaps.MapMultimap.AsMap","1,50",6
"com.google.common.collect.Multimaps.MapMultimap.AsMapEntries","1,57",11
"com.google.common.collect.Multimaps.TransformedEntriesListMultimap","1,00",6
"com.google.common.collect.Multimaps.TransformedEntriesMultimap","1,15",30
"com.google.common.collect.Multimaps.TransformedEntriesMultimap.TransformedEntries","1,33",8
"com.google.common.collect.Multimaps.UnmodifiableAsMapEntries","1,00",10
"com.google.common.collect.Multimaps.UnmodifiableAsMapValues","1,00",9
"com.google.common.collect.Multimaps.UnmodifiableListMultimap","1,00",5
"com.google.common.collect.Multimaps.UnmodifiableMultimap","1,40",28
"com.google.common.collect.Multimaps.UnmodifiableSetMultimap","1,00",6
"com.google.common.collect.Multimaps.UnmodifiableSortedSetMultimap","1,00",6
"com.google.common.collect.Multimaps.Values","1,00",4
"com.google.common.collect.Multiset_CustomFieldSerializerBase","1,67",5
"com.google.common.collect.Multisets","1,90",57
"com.google.common.collect.Multisets.AbstractEntry","2,00",6
"com.google.common.collect.Multisets.ElementSet","1,12",9
"com.google.common.collect.Multisets.EntrySet","1,67",5
"com.google.common.collect.Multisets.ImmutableEntry","1,00",3
"com.google.common.collect.Multisets.MultisetIteratorImpl","1,75",7
"com.google.common.collect.Multisets.SetMultiset","1,59",27
"com.google.common.collect.Multisets.SetMultiset.ElementSet","1,00",3
"com.google.common.collect.Multisets.UnmodifiableMultiset","1,12",18
"com.google.common.collect.Multisets.UnmodifiableSortedMultiset","1,08",14
"com.google.common.collect.MutableClassToInstanceMap","1,00",7
"com.google.common.collect.NaturalOrdering","1,14",8
"com.google.common.collect.NaturalOrdering_CustomFieldSerializer","1,00",3
"com.google.common.collect.NullsFirstOrdering","1,62",13
"com.google.common.collect.NullsFirstOrdering_CustomFieldSerializer","1,00",3
"com.google.common.collect.NullsLastOrdering","1,62",13
"com.google.common.collect.NullsLastOrdering_CustomFieldSerializer","1,00",3
"com.google.common.collect.ObjectArrays","1,33",16
"com.google.common.collect.Ordering","1,58",52
"com.google.common.collect.Ordering.ArbitraryOrdering","2,50",10
"com.google.common.collect.Ordering.ArbitraryOrderingHolder",n/a,0
"com.google.common.collect.Ordering.IncomparableValueException","1,00",1
"com.google.common.collect.Platform","1,33",8
"com.google.common.collect.Queues","1,70",34
"com.google.common.collect.Range","1,47",56
"com.google.common.collect.RangeMap","1,85",24
"com.google.common.collect.RangeMap.RangeValue","1,40",7
"com.google.common.collect.RangeSet","1,77",23
"com.google.common.collect.RangeSet.StandardComplement","1,40",14
"com.google.common.collect.Ranges","1,00",15
"com.google.common.collect.RegularContiguousSet","1,44",36
"com.google.common.collect.RegularContiguousSet.DescendingContiguousSet","1,17",14
"com.google.common.collect.RegularContiguousSet.SerializedForm","1,00",2
"com.google.common.collect.RegularImmutableAsList","1,00",12
"com.google.common.collect.RegularImmutableAsList_CustomFieldSerializer","1,00",3
"com.google.common.collect.RegularImmutableBiMap","1,20",6
"com.google.common.collect.RegularImmutableBiMap_CustomFieldSerializer","1,00",3
"com.google.common.collect.RegularImmutableList","1,92",23
"com.google.common.collect.RegularImmutableList_CustomFieldSerializer","1,00",3
"com.google.common.collect.RegularImmutableMap","1,77",23
"com.google.common.collect.RegularImmutableMap.EntrySet","1,00",3
"com.google.common.collect.RegularImmutableMap.NonTerminalEntry","1,00",2
"com.google.common.collect.RegularImmutableMap.TerminalEntry","1,00",2
"com.google.common.collect.RegularImmutableMap_CustomFieldSerializer","1,00",3
"com.google.common.collect.RegularImmutableMultiset","1,11",10
"com.google.common.collect.RegularImmutableMultiset.EntrySet","1,00",5
"com.google.common.collect.RegularImmutableMultiset_CustomFieldSerializer","1,00",3
"com.google.common.collect.RegularImmutableSet","2,00",8
"com.google.common.collect.RegularImmutableSet_CustomFieldSerializer","1,00",3
"com.google.common.collect.RegularImmutableSortedMap","1,30",13
"com.google.common.collect.RegularImmutableSortedMap.EntrySet","1,00",5
"com.google.common.collect.RegularImmutableSortedMap_CustomFieldSerializer","1,00",3
"com.google.common.collect.RegularImmutableSortedMultiset","1,25",15
"com.google.common.collect.RegularImmutableSortedMultiset.EntrySet","1,00",5
"com.google.common.collect.RegularImmutableSortedSet","1,78",41
"com.google.common.collect.RegularImmutableSortedSet_CustomFieldSerializer","1,00",3
"com.google.common.collect.RegularImmutableTable","1,75",21
"com.google.common.collect.RegularImmutableTable.DenseImmutableTable","1,42",17
"com.google.common.collect.RegularImmutableTable.DenseImmutableTable.Column","1,00",4
"com.google.common.collect.RegularImmutableTable.DenseImmutableTable.ColumnMap","1,00",4
"com.google.common.collect.RegularImmutableTable.DenseImmutableTable.Row","1,00",4
"com.google.common.collect.RegularImmutableTable.DenseImmutableTable.RowMap","1,00",4
"com.google.common.collect.RegularImmutableTable.ImmutableArrayMap","1,38",18
"com.google.common.collect.RegularImmutableTable.SparseImmutableTable","1,21",17
"com.google.common.collect.ReverseNaturalOrdering","1,08",14
"com.google.common.collect.ReverseNaturalOrdering_CustomFieldSerializer","1,00",3
"com.google.common.collect.ReverseOrdering","1,14",16
"com.google.common.collect.ReverseOrdering_CustomFieldSerializer","1,00",3
"com.google.common.collect.Serialization","1,67",20
"com.google.common.collect.Serialization.FieldSetter","1,00",3
"com.google.common.collect.Sets","1,49",79
"com.google.common.collect.Sets.CartesianSet","2,14",15
"com.google.common.collect.Sets.CartesianSet.Axis","1,17",7
"com.google.common.collect.Sets.DescendingSet","1,04",25
"com.google.common.collect.Sets.FilteredSet","1,00",3
"com.google.common.collect.Sets.FilteredSortedSet","1,22",11
"com.google.common.collect.Sets.ImprovedAbstractSet","1,00",2
"com.google.common.collect.Sets.PowerSet","1,18",13
"com.google.common.collect.Sets.PowerSet.BitFilteredSetIterator","1,33",4
"com.google.common.collect.Sets.SetFromMap","1,00",17
"com.google.common.collect.Sets.SetView","1,00",3
"com.google.common.collect.Sets.UnmodifiableNavigableSet","1,08",14
"com.google.common.collect.SingletonImmutableList","1,38",22
"com.google.common.collect.SingletonImmutableList_CustomFieldSerializer","1,00",3
"com.google.common.collect.SingletonImmutableMap","1,31",17
"com.google.common.collect.SingletonImmutableMap_CustomFieldSerializer","1,00",3
"com.google.common.collect.SingletonImmutableSet","1,38",18
"com.google.common.collect.SingletonImmutableSet_CustomFieldSerializer","1,00",3
"com.google.common.collect.SingletonImmutableTable","1,30",26
"com.google.common.collect.SortedIterables","2,00",6
"com.google.common.collect.SortedLists","1,80",9
"com.google.common.collect.SortedLists.KeyAbsentBehavior","1,00",3
"com.google.common.collect.SortedLists.KeyPresentBehavior","1,80",9
"com.google.common.collect.SortedMultisets","1,50",3
"com.google.common.collect.SortedMultisets.DescendingMultiset","1,14",24
"com.google.common.collect.SortedMultisets.ElementSet","1,00",6
"com.google.common.collect.StandardRowSortedTable","1,50",6
"com.google.common.collect.StandardRowSortedTable.RowKeySortedSet","1,00",6
"com.google.common.collect.StandardRowSortedTable.RowSortedMap","1,00",6
"com.google.common.collect.StandardTable","1,96",55
"com.google.common.collect.StandardTable.CellIterator","1,67",5
"com.google.common.collect.StandardTable.CellSet","1,50",6
"com.google.common.collect.StandardTable.Column","1,56",14
"com.google.common.collect.StandardTable.Column.EntrySet","1,57",11
"com.google.common.collect.StandardTable.Column.EntrySetIterator","1,50",6
"com.google.common.collect.StandardTable.Column.KeySet","1,00",8
"com.google.common.collect.StandardTable.Column.Values","1,44",13
"com.google.common.collect.StandardTable.ColumnKeyIterator","5,00",5
"com.google.common.collect.StandardTable.ColumnKeySet","3,17",19
"com.google.common.collect.StandardTable.ColumnMap","1,50",9
"com.google.common.collect.StandardTable.ColumnMap.ColumnMapEntrySet","1,86",13
"com.google.common.collect.StandardTable.ColumnMap.ColumnMapValues","2,20",11
"com.google.common.collect.StandardTable.Row","1,67",20
"com.google.common.collect.StandardTable.Row.RowEntrySet","1,22",11
"com.google.common.collect.StandardTable.RowKeySet","1,00",4
"com.google.common.collect.StandardTable.RowMap","1,40",7
"com.google.common.collect.StandardTable.RowMap.EntrySet","1,40",7
"com.google.common.collect.StandardTable.TableCollection","1,00",2
"com.google.common.collect.StandardTable.TableSet","1,00",2
"com.google.common.collect.StandardTable.Values","1,00",3
"com.google.common.collect.Synchronized","1,62",34
"com.google.common.collect.Synchronized.SynchronizedAsMap","1,60",8
"com.google.common.collect.Synchronized.SynchronizedAsMapEntries","1,07",15
"com.google.common.collect.Synchronized.SynchronizedAsMapValues","1,00",4
"com.google.common.collect.Synchronized.SynchronizedBiMap","1,40",7
"com.google.common.collect.Synchronized.SynchronizedCollection","1,00",15
"com.google.common.collect.Synchronized.SynchronizedEntry","1,00",7
"com.google.common.collect.Synchronized.SynchronizedList","1,07",15
"com.google.common.collect.Synchronized.SynchronizedListMultimap","1,00",5
"com.google.common.collect.Synchronized.SynchronizedMap","1,25",20
"com.google.common.collect.Synchronized.SynchronizedMultimap","1,27",28
"com.google.common.collect.Synchronized.SynchronizedMultiset","1,27",14
"com.google.common.collect.Synchronized.SynchronizedNavigableMap","1,12",27
"com.google.common.collect.Synchronized.SynchronizedNavigableSet","1,06",17
"com.google.common.collect.Synchronized.SynchronizedObject","1,25",5
"com.google.common.collect.Synchronized.SynchronizedQueue","1,00",7
"com.google.common.collect.Synchronized.SynchronizedRandomAccessList","1,00",1
"com.google.common.collect.Synchronized.SynchronizedSet","1,25",5
"com.google.common.collect.Synchronized.SynchronizedSetMultimap","1,17",7
"com.google.common.collect.Synchronized.SynchronizedSortedMap","1,00",8
"com.google.common.collect.Synchronized.SynchronizedSortedSet","1,00",8
"com.google.common.collect.Synchronized.SynchronizedSortedSetMultimap","1,00",6
"com.google.common.collect.Tables","1,11",10
"com.google.common.collect.Tables.AbstractCell","1,50",6
"com.google.common.collect.Tables.ImmutableCell","1,00",4
"com.google.common.collect.Tables.TransformedTable","1,28",37
"com.google.common.collect.Tables.TransformedTable.CellSet","1,60",8
"com.google.common.collect.Tables.TransposeTable","1,12",27
"com.google.common.collect.Tables.TransposeTable.CellSet","2,00",10
"com.google.common.collect.Tables.UnmodifiableRowSortedMap","1,00",4
"com.google.common.collect.Tables.UnmodifiableTable","1,00",14
"com.google.common.collect.TransformedImmutableSet","1,00",11
"com.google.common.collect.TransformedIterator","1,00",4
"com.google.common.collect.TransformedListIterator","1,00",8
"com.google.common.collect.TreeBasedTable","1,11",21
"com.google.common.collect.TreeBasedTable.Factory","1,00",2
"com.google.common.collect.TreeBasedTable.TreeRow","1,44",23
"com.google.common.collect.TreeBasedTable_CustomFieldSerializer","1,33",4
"com.google.common.collect.TreeMultimap","1,00",12
"com.google.common.collect.TreeMultimap_CustomFieldSerializer","1,00",3
"com.google.common.collect.TreeMultiset","2,31",81
"com.google.common.collect.TreeMultiset.Aggregate","1,50",6
"com.google.common.collect.TreeMultiset.AvlNode","3,68",92
"com.google.common.collect.TreeMultiset.Reference","1,50",3
"com.google.common.collect.TreeRangeSet","2,60",26
"com.google.common.collect.TreeRangeSet.AsRanges","1,00",3
"com.google.common.collect.UnmodifiableIterator","1,00",2
"com.google.common.collect.UnmodifiableListIterator","1,00",3
"com.google.common.collect.UsingToStringOrdering","1,00",4
"com.google.common.collect.UsingToStringOrdering_CustomFieldSerializer","1,00",3
"com.google.common.collect.WellBehavedMap","1,25",5
"com.google.common.collect.WellBehavedMap.EntrySet","1,00",6
"com.google.common.collect.testing.GwtPlatform","1,00",2
"com.google.common.eventbus.AnnotatedHandlerFinder","2,67",8
"com.google.common.eventbus.AsyncEventBus","1,33",8
"com.google.common.eventbus.DeadEvent","1,00",3
"com.google.common.eventbus.EventBus","1,60",24
"com.google.common.eventbus.EventBus.EventWithHandler","1,00",1
"com.google.common.eventbus.EventHandler","1,80",9
"com.google.common.eventbus.SynchronizedEventHandler","1,00",2
"com.google.common.hash.AbstractCompositeHashFunction","1,88",30
"com.google.common.hash.AbstractHasher","1,40",7
"com.google.common.hash.AbstractNonStreamingHashFunction","1,14",8
"com.google.common.hash.AbstractNonStreamingHashFunction.BufferingHasher","1,10",11
"com.google.common.hash.AbstractNonStreamingHashFunction.ExposedByteArrayOutputStream","1,00",3
"com.google.common.hash.AbstractStreamingHashFunction","1,00",7
"com.google.common.hash.AbstractStreamingHashFunction.AbstractStreamingHasher","1,50",24
"com.google.common.hash.BloomFilter","1,31",17
"com.google.common.hash.BloomFilter.SerialForm","1,00",2
"com.google.common.hash.BloomFilterStrategies","3,50",7
"com.google.common.hash.BloomFilterStrategies.BitArray","1,33",12
"com.google.common.hash.Funnels","1,00",6
"com.google.common.hash.Funnels.ByteArrayFunnel","1,00",2
"com.google.common.hash.Funnels.IntegerFunnel","1,00",2
"com.google.common.hash.Funnels.LongFunnel","1,00",2
"com.google.common.hash.Funnels.SinkAsStream","1,00",5
"com.google.common.hash.Funnels.StringFunnel","1,00",2
"com.google.common.hash.HashCode","1,40",7
"com.google.common.hash.HashCodes","1,00",5
"com.google.common.hash.HashCodes.BytesHashCode","1,20",6
"com.google.common.hash.HashCodes.IntHashCode","1,00",5
"com.google.common.hash.HashCodes.LongHashCode","1,00",5
"com.google.common.hash.Hashing","1,62",26
"com.google.common.hash.Hashing.ConcatenatedHashFunction","1,67",5
"com.google.common.hash.Hashing.LinearCongruentialGenerator","1,00",2
"com.google.common.hash.MessageDigestHashFunction","1,00",4
"com.google.common.hash.MessageDigestHashFunction.MessageDigestHasher","1,12",18
"com.google.common.hash.Murmur3_128HashFunction","1,00",3
"com.google.common.hash.Murmur3_128HashFunction.Murmur3_128Hasher","3,00",24
"com.google.common.hash.Murmur3_32HashFunction","1,22",11
"com.google.common.hash.Murmur3_32HashFunction.Murmur3_32Hasher","2,00",8
"com.google.common.io.AppendableWriter","1,27",14
"com.google.common.io.ByteStreams","1,54",57
"com.google.common.io.ByteStreams.ByteArrayDataInputStream","1,00",17
"com.google.common.io.ByteStreams.ByteArrayDataOutputStream","1,00",18
"com.google.common.io.CharStreams","1,33",32
"com.google.common.io.Closeables","1,67",5
"com.google.common.io.CountingInputStream","1,57",11
"com.google.common.io.CountingOutputStream","1,00",4
"com.google.common.io.FileBackedOutputStream","1,47",22
"com.google.common.io.FileBackedOutputStream.MemoryOutput","1,00",2
"com.google.common.io.Files","1,57",66
"com.google.common.io.Flushables","1,33",4
"com.google.common.io.LimitInputStream","1,86",13
"com.google.common.io.LineBuffer","4,67",14
"com.google.common.io.LineReader","2,33",7
"com.google.common.io.LittleEndianDataInputStream","1,12",19
"com.google.common.io.LittleEndianDataOutputStream","1,08",14
"com.google.common.io.MultiInputStream","2,25",18
"com.google.common.io.MultiReader","2,17",13
"com.google.common.io.NullOutputStream","1,00",2
"com.google.common.io.PatternFilenameFilter","1,00",3
"com.google.common.io.Resources","1,00",11
"com.google.common.math.BigIntegerMath","4,46",58
"com.google.common.math.DoubleMath","3,58",43
"com.google.common.math.DoubleUtils","1,62",13
"com.google.common.math.IntMath","5,00",90
"com.google.common.math.LongMath","4,85",97
"com.google.common.math.MathPreconditions","1,91",21
"com.google.common.net.HostAndPort","1,69",22
"com.google.common.net.HostSpecifier","1,57",11
"com.google.common.net.HttpHeaders","1,00",1
"com.google.common.net.InetAddresses","2,94",100
"com.google.common.net.InetAddresses.TeredoInfo","1,00",5
"com.google.common.net.InternetDomainName","1,67",40
"com.google.common.net.MediaType","1,60",48
"com.google.common.net.MediaType.Tokenizer","1,14",8
"com.google.common.net.TldPatterns","1,00",1
"com.google.common.primitives.AndroidInteger","3,25",13
"com.google.common.primitives.Booleans","2,31",37
"com.google.common.primitives.Booleans.BooleanArrayAsList","2,00",28
"com.google.common.primitives.Booleans.LexicographicalComparator","3,00",3
"com.google.common.primitives.Bytes","2,23",29
"com.google.common.primitives.Bytes.ByteArrayAsList","1,86",26
"com.google.common.primitives.Chars","2,04",47
"com.google.common.primitives.Chars.CharArrayAsList","1,86",26
"com.google.common.primitives.Chars.LexicographicalComparator","3,00",3
"com.google.common.primitives.Doubles","2,00",42
"com.google.common.primitives.Doubles.DoubleArrayAsList","1,86",26
"com.google.common.primitives.Doubles.LexicographicalComparator","3,00",3
"com.google.common.primitives.Floats","2,05",41
"com.google.common.primitives.Floats.FloatArrayAsList","1,86",26
"com.google.common.primitives.Floats.LexicographicalComparator","3,00",3
"com.google.common.primitives.Ints","2,08",50
"com.google.common.primitives.Ints.IntArrayAsList","1,86",26
"com.google.common.primitives.Ints.LexicographicalComparator","3,00",3
"com.google.common.primitives.Longs","2,19",46
"com.google.common.primitives.Longs.LexicographicalComparator","3,00",3
"com.google.common.primitives.Longs.LongArrayAsList","1,86",26
"com.google.common.primitives.ParseRequest","3,00",6
"com.google.common.primitives.Primitives","1,29",9
"com.google.common.primitives.Shorts","2,04",47
"com.google.common.primitives.Shorts.LexicographicalComparator","3,00",3
"com.google.common.primitives.Shorts.ShortArrayAsList","1,86",26
"com.google.common.primitives.SignedBytes","2,00",16
"com.google.common.primitives.SignedBytes.LexicographicalComparator","3,00",3
"com.google.common.primitives.UnsignedBytes","1,64",23
"com.google.common.primitives.UnsignedBytes.LexicographicalComparatorHolder","1,00",1
"com.google.common.primitives.UnsignedBytes.LexicographicalComparatorHolder.PureJavaComparator","3,00",3
"com.google.common.primitives.UnsignedBytes.LexicographicalComparatorHolder.UnsafeComparator","5,50",11
"com.google.common.primitives.UnsignedInteger","1,05",22
"com.google.common.primitives.UnsignedInts","1,47",22
"com.google.common.primitives.UnsignedInts.LexicographicalComparator","3,00",3
"com.google.common.primitives.UnsignedLong","1,20",24
"com.google.common.primitives.UnsignedLong_CustomFieldSerializer","1,00",3
"com.google.common.primitives.UnsignedLongs","2,73",41
"com.google.common.primitives.UnsignedLongs.LexicographicalComparator","3,00",3
"com.google.common.reflect.AbstractInvocationHandler","3,00",6
"com.google.common.reflect.ImmutableTypeToInstanceMap","1,00",9
"com.google.common.reflect.ImmutableTypeToInstanceMap.Builder","1,00",4
"com.google.common.reflect.MutableTypeToInstanceMap","1,00",9
"com.google.common.reflect.Reflection","1,40",7
"com.google.common.reflect.TypeCapture","1,00",1
"com.google.common.reflect.TypeParameter","1,20",6
"com.google.common.reflect.TypeResolver","2,27",34
"com.google.common.reflect.TypeResolver.TypeMappingIntrospector","3,60",18
"com.google.common.reflect.TypeResolver.WildcardCapturer","3,67",11
"com.google.common.reflect.TypeToken","2,16",110
"com.google.common.reflect.TypeToken.ClassSet","1,20",6
"com.google.common.reflect.TypeToken.InterfaceSet","1,14",8
"com.google.common.reflect.TypeToken.SimpleTypeToken","1,00",1
"com.google.common.reflect.TypeToken.TypeCollector","1,50",21
"com.google.common.reflect.TypeToken.TypeCollector.ForwardingTypeCollector","1,00",4
"com.google.common.reflect.TypeToken.TypeFilter","1,00",2
"com.google.common.reflect.TypeToken.TypeSet","1,20",6
"com.google.common.reflect.Types","2,24",38
"com.google.common.reflect.Types.ClassOwnership","2,00",6
"com.google.common.reflect.Types.GenericArrayTypeImpl","1,20",6
"com.google.common.reflect.Types.JavaVersion","2,00",10
"com.google.common.reflect.Types.ParameterizedTypeImpl","1,43",10
"com.google.common.reflect.Types.TypeVariableImpl","1,14",8
"com.google.common.reflect.Types.WildcardTypeImpl","1,50",9
"com.google.common.util.concurrent.AbstractCheckedFuture","1,00",3
"com.google.common.util.concurrent.AbstractExecutionThreadService","1,06",19
"com.google.common.util.concurrent.AbstractFuture","1,45",16
"com.google.common.util.concurrent.AbstractFuture.Sync","1,82",20
"com.google.common.util.concurrent.AbstractIdleService","1,00",15
"com.google.common.util.concurrent.AbstractListeningExecutorService","3,14",22
"com.google.common.util.concurrent.AbstractScheduledService","1,06",17
"com.google.common.util.concurrent.AbstractScheduledService.CustomScheduler","1,00",1
"com.google.common.util.concurrent.AbstractScheduledService.CustomScheduler.ReschedulableCallable","1,20",6
"com.google.common.util.concurrent.AbstractScheduledService.CustomScheduler.Schedule","1,00",1
"com.google.common.util.concurrent.AbstractScheduledService.Scheduler","1,00",5
"com.google.common.util.concurrent.AbstractService","1,82",60
"com.google.common.util.concurrent.AbstractService.ListenerExecutorPair","1,00",2
"com.google.common.util.concurrent.AbstractService.StateSnapshot","1,25",5
"com.google.common.util.concurrent.AbstractService.Transition","1,00",1
"com.google.common.util.concurrent.AtomicDouble","1,24",21
"com.google.common.util.concurrent.AtomicDoubleArray","1,71",24
"com.google.common.util.concurrent.AtomicLongMap","2,54",66
"com.google.common.util.concurrent.Atomics","1,00",5
"com.google.common.util.concurrent.Callables","1,00",3
"com.google.common.util.concurrent.CycleDetectingLockFactory","1,60",16
"com.google.common.util.concurrent.CycleDetectingLockFactory.CycleDetectingReentrantLock","1,00",8
"com.google.common.util.concurrent.CycleDetectingLockFactory.CycleDetectingReentrantReadLock","1,00",6
"com.google.common.util.concurrent.CycleDetectingLockFactory.CycleDetectingReentrantReadWriteLock","1,00",5
"com.google.common.util.concurrent.CycleDetectingLockFactory.CycleDetectingReentrantWriteLock","1,00",6
"com.google.common.util.concurrent.CycleDetectingLockFactory.ExampleStackTrace","4,00",4
"com.google.common.util.concurrent.CycleDetectingLockFactory.LockGraphNode","2,60",13
"com.google.common.util.concurrent.CycleDetectingLockFactory.OrderedLockGraphNodesCreator","2,00",6
"com.google.common.util.concurrent.CycleDetectingLockFactory.Policies","1,00",3
"com.google.common.util.concurrent.CycleDetectingLockFactory.PotentialDeadlockException","1,33",4
"com.google.common.util.concurrent.CycleDetectingLockFactory.WithExplicitOrdering","1,40",7
"com.google.common.util.concurrent.ExecutionError","1,00",4
"com.google.common.util.concurrent.ExecutionList","2,33",7
"com.google.common.util.concurrent.ExecutionList.RunnableExecutorPair","1,00",2
"com.google.common.util.concurrent.FakeTimeLimiter","1,00",2
"com.google.common.util.concurrent.ForwardingBlockingQueue","1,00",8
"com.google.common.util.concurrent.ForwardingCheckedFuture","1,00",2
"com.google.common.util.concurrent.ForwardingCheckedFuture.SimpleForwardingCheckedFuture","1,00",2
"com.google.common.util.concurrent.ForwardingExecutorService","1,00",14
"com.google.common.util.concurrent.ForwardingFuture","1,00",6
"com.google.common.util.concurrent.ForwardingFuture.SimpleForwardingFuture","1,00",2
"com.google.common.util.concurrent.ForwardingListenableFuture","1,00",2
"com.google.common.util.concurrent.ForwardingListenableFuture.SimpleForwardingListenableFuture","1,00",2
"com.google.common.util.concurrent.ForwardingListeningExecutorService","1,00",4
"com.google.common.util.concurrent.ForwardingService","1,00",10
"com.google.common.util.concurrent.Futures","1,24",47
"com.google.common.util.concurrent.Futures.ChainingListenableFuture","1,60",8
"com.google.common.util.concurrent.Futures.ListFuture","2,80",14
"com.google.common.util.concurrent.Futures.MappingCheckedFuture","1,00",2
"com.google.common.util.concurrent.JdkFutureAdapters","1,67",5
"com.google.common.util.concurrent.JdkFutureAdapters.ListenableFutureAdapter","1,40",7
"com.google.common.util.concurrent.ListenableFutureTask","1,00",6
"com.google.common.util.concurrent.Monitor","2,68",99
"com.google.common.util.concurrent.Monitor.Guard","1,00",3
"com.google.common.util.concurrent.MoreExecutors","2,00",26
"com.google.common.util.concurrent.MoreExecutors.ListeningDecorator","1,00",7
"com.google.common.util.concurrent.MoreExecutors.SameThreadExecutorService","1,62",13
"com.google.common.util.concurrent.MoreExecutors.ScheduledListeningDecorator","1,00",5
"com.google.common.util.concurrent.RateLimiter","1,12",19
"com.google.common.util.concurrent.RateLimiter.Bursty","1,33",4
"com.google.common.util.concurrent.RateLimiter.SleepingTicker","1,50",3
"com.google.common.util.concurrent.RateLimiter.WarmingUp","1,75",7
"com.google.common.util.concurrent.Service.State",n/a,0
"com.google.common.util.concurrent.SettableFuture","1,00",4
"com.google.common.util.concurrent.SimpleTimeLimiter","1,90",19
"com.google.common.util.concurrent.Striped","1,13",17
"com.google.common.util.concurrent.Striped.CompactStriped","1,33",4
"com.google.common.util.concurrent.Striped.LazyStriped","1,33",4
"com.google.common.util.concurrent.Striped.PaddedLock","1,00",1
"com.google.common.util.concurrent.Striped.PaddedSemaphore","1,00",1
"com.google.common.util.concurrent.Striped.PowerOfTwoStriped","1,33",4
"com.google.common.util.concurrent.ThreadFactoryBuilder","1,67",15
"com.google.common.util.concurrent.UncaughtExceptionHandlers","1,00",2
"com.google.common.util.concurrent.UncaughtExceptionHandlers.Exiter","1,00",2
"com.google.common.util.concurrent.UncheckedExecutionException","1,00",4
"com.google.common.util.concurrent.UncheckedTimeoutException","1,00",4
"com.google.common.util.concurrent.Uninterruptibles","2,80",28

Package,v(G)avg,v(G)tot
"com.google.common.base","1,59",851
"com.google.common.base.internal","3,00",18
"com.google.common.cache","1,69",1.060
"com.google.common.collect","1,45",7.259
"com.google.common.collect.testing","1,00",2
"com.google.common.eventbus","1,88",64
"com.google.common.hash","1,45",269
"com.google.common.io","1,65",398
"com.google.common.math","4,17",342
"com.google.common.net","2,42",291
"com.google.common.primitives","2,01",796
"com.google.common.reflect","1,86",358
"com.google.common.util.concurrent","1,77",889

Module,v(G)avg,v(G)tot
"guava","1,60",12.400
"guava-gwt","1,09",197

Project,v(G)avg,v(G)tot
"project","1,59",12.597

